 0.3639718	 3.0442723	 3.0803709	 3.3006717	 3.7948715	 3.8897713	 3.9802710
 0.2955649	 3.0135642	 3.0591651	 3.2723637	 3.7696656	 3.8607639	 3.9369640
 0.2341104	 2.9885107	 3.0442097	 3.2502109	 3.7517115	 3.8345104	 3.9049117
 0.1797079	 2.9692069	 3.0356082	 3.2342078	 3.7411072	 3.8103086	 3.8851073
 0.1323663	 2.9555658	 3.0331673	 3.2242675	 3.7379671	 3.7890673	 3.8766663
 0.0921715	 2.9475711	 3.0369715	 3.2206729	 3.7421712	 3.7726725	 3.8779724
 0.0591231	 2.9452228	 3.0467240	 3.2235219	 3.7535238	 3.7624219	 3.8877223
 0.0333436	 2.9486432	 3.0624440	 3.2330432	 3.7577443	 3.7733446	 3.9053444
 0.0148605	 2.9577618	 3.0838594	 3.2495605	 3.7610614	 3.7997614	 3.9303598
 0.0037201	 2.9726192	 3.1107198	 3.2732208	 3.7715214	 3.8337212	 3.9628203
 0.0000000	 2.9934006	 3.1429000	 3.3042990	 3.7893993	 3.8751996	 4.0025000
 0.0037611	 3.0200623	 3.1801606	 3.3431623	 3.8147603	 3.9240604	 4.0493607
 0.0150560	 3.0526561	 3.2224552	 3.3900557	 3.8476562	 3.9803553	 4.1031549
 0.0339763	 3.0912772	 3.2697759	 3.4449765	 3.8882774	 4.0441769	 4.1642772
 0.0605699	 3.1360699	 3.3221687	 3.5080688	 3.9364688	 4.1153701	 4.2322703
 0.0949100	 3.1871104	 3.3796092	 3.5793110	 3.9925106	 4.1941090	 4.3074091
 0.1370694	 3.2444693	 3.4424703	 3.6586703	 4.0561690	 4.2801705	 4.3894706
 0.1871732	 3.3083725	 3.5109723	 3.7460733	 4.1277731	 4.3740743	 4.4785743
 0.2451614	 3.3786623	 3.5850608	 3.8413622	 4.2069610	 4.4752627	 4.5745625
 0.3112519	 3.4556515	 3.6650514	 3.9446512	 4.2941517	 4.5840511	 4.6773508
 0.3854868	 3.5393864	 3.7512870	 4.0556874	 4.3891876	 4.7005867	 4.7869856
