 0.5254620	 3.3289607	 3.5227630	 3.7932606	 4.1041617	 4.2340608	 4.4178629
 0.4218849	 3.2479850	 3.4467860	 3.6978847	 4.0255861	 4.1648840	 4.3175862
 0.3304205	 3.1784218	 3.3809208	 3.6133198	 3.9581209	 4.1071196	 4.2276199
 0.2507729	 3.1198737	 3.3242721	 3.5394735	 3.9015729	 4.0601718	 4.1477735
 0.1827067	 3.0721068	 3.2765080	 3.4761063	 3.8557081	 4.0236078	 4.0782075
 0.1257615	 3.0346612	 3.2368610	 3.4230604	 3.8201618	 3.9967611	 4.0189629
 0.0798307	 3.0073301	 3.2048304	 3.3800310	 3.7949314	 3.9682299	 3.9814302
 0.0445258	 2.9898250	 3.1798259	 3.3470263	 3.7794263	 3.9299272	 3.9730246
 0.0196421	 2.9818412	 3.1614418	 3.3236408	 3.7735432	 3.9013416	 3.9742409
 0.0048653	 2.9830657	 3.1490661	 3.3094664	 3.7768657	 3.8829657	 3.9841649
 0.0000000	 2.9934006	 3.1429000	 3.3042990	 3.7893993	 3.8751996	 4.0025000
 0.0047817	 3.0124812	 3.1425816	 3.3074827	 3.8106814	 3.8775806	 4.0289821
 0.0189831	 3.0400844	 3.1482824	 3.3184843	 3.8404833	 3.8902829	 4.0632821
 0.0423862	 3.0758865	 3.1599860	 3.3369853	 3.8785874	 3.9131867	 4.1052856
 0.0747679	 3.1198683	 3.1778666	 3.3623681	 3.9248686	 3.9460690	 4.1547668
 0.1158873	 3.1715863	 3.2018861	 3.3943878	 3.9788886	 3.9885868	 4.2114862
 0.1656036	 3.2335031	 3.2296037	 3.4327041	 4.0405034	 4.0406041	 4.2752044
 0.2236382	 3.2982390	 3.2681377	 3.4772383	 4.1014379	 4.1096394	 4.3458371
 0.2898523	 3.3723520	 3.3107535	 3.5277535	 4.1712515	 4.1860517	 4.4232535
 0.3640236	 3.4535236	 3.3596225	 3.5842226	 4.2494244	 4.2694247	 4.5071245
 0.4460431	 3.5417429	 3.4146439	 3.6465422	 4.3356437	 4.3596441	 4.5975425
