 0.1804727	 3.1571724	 3.2922715	 3.4306714	 3.9993734	 4.0564738	 4.1896736
 0.1462658	 3.1249650	 3.2630655	 3.4008668	 3.9625645	 4.0221656	 4.1549654
 0.1156403	 3.0962406	 3.2369399	 3.3750404	 3.9293394	 3.9915392	 4.1238410
 0.0885846	 3.0710837	 3.2139843	 3.3528849	 3.8995837	 3.9643849	 4.0961834
 0.0651105	 3.0493091	 3.1941091	 3.3346097	 3.8732104	 3.9408117	 4.0721094
 0.0452517	 3.0311509	 3.1775510	 3.3201523	 3.8505515	 3.9209528	 4.0516519
 0.0289808	 3.0165820	 3.1640813	 3.3095807	 3.8312804	 3.9045797	 4.0346802
 0.0163055	 3.0054062	 3.1539043	 3.3026064	 3.8155059	 3.8918067	 4.0213058
 0.0072542	 2.9978551	 3.1469545	 3.2994553	 3.8032554	 3.8826555	 4.0114552
 0.0018147	 2.9939149	 3.1432156	 3.3000159	 3.7945151	 3.8771153	 4.0052157
 0.0000000	 2.9934006	 3.1429000	 3.3042990	 3.7893993	 3.8751996	 4.0025000
 0.0018154	 2.9965163	 3.1459150	 3.3122148	 3.7877149	 3.8768159	 4.0034143
 0.0072661	 3.0031667	 3.1522662	 3.3238667	 3.7896660	 3.8820650	 4.0078660
 0.0163647	 3.0133656	 3.1620650	 3.3391649	 3.7950647	 3.8910638	 4.0159642
 0.0291165	 3.0272162	 3.1753169	 3.3581177	 3.8041152	 3.9037171	 4.0277168
 0.0455226	 3.0447240	 3.1919213	 3.3807222	 3.8167223	 3.9198236	 4.0430232
 0.0655769	 3.0656768	 3.2120768	 3.4067771	 3.8328777	 3.9397777	 4.0619759
 0.0893052	 3.0903058	 3.2357045	 3.4366062	 3.8526060	 3.9633047	 4.0846049
 0.1167197	 3.1185186	 3.2629186	 3.4700191	 3.8759207	 3.9904208	 4.1107197
 0.1478055	 3.1503042	 3.2935042	 3.5070049	 3.9028055	 4.0212051	 4.1405053
 0.1825757	 3.1857770	 3.3277770	 3.5475770	 3.9333748	 4.0558751	 4.1740760
