 0.0580760	 3.0615760	 3.1926751	 3.3719764	 3.8438765	 3.9202753	 4.0405769
 0.0471001	 3.0497989	 3.1829008	 3.3601014	 3.8336995	 3.9106996	 4.0318012
 0.0372556	 3.0391565	 3.1741550	 3.3494563	 3.8245564	 3.9023566	 4.0241548
 0.0285595	 3.0296598	 3.1665603	 3.3398588	 3.8164583	 3.8950585	 4.0176594
 0.0210045	 3.0211045	 3.1599044	 3.3313036	 3.8094051	 3.8888053	 4.0121056
 0.0146035	 3.0137030	 3.1544023	 3.3239048	 3.8033043	 3.8837031	 4.0077028
 0.0093544	 3.0074552	 3.1499532	 3.3177550	 3.7984553	 3.8797548	 4.0044537
 0.0052697	 3.0022688	 3.1465708	 3.3126692	 3.7945695	 3.8769683	 4.0022687
 0.0023442	 2.9982442	 3.1442442	 3.3087453	 3.7917449	 3.8752431	 4.0013435
 0.0005854	 2.9952863	 3.1429843	 3.3059861	 3.7899844	 3.8745846	 4.0012863
 0.0000000	 2.9934006	 3.1429000	 3.3042990	 3.7893993	 3.8751996	 4.0025000
 0.0005890	 2.9926903	 3.1438878	 3.3038881	 3.7897884	 3.8768894	 4.0047884
 0.0023589	 2.9930577	 3.1458579	 3.3045602	 3.7913585	 3.8796595	 4.0082579
 0.0053111	 2.9945108	 3.1490117	 3.3064106	 3.7939110	 3.8835099	 4.0128104
 0.0094515	 2.9971503	 3.1531505	 3.3095508	 3.7976525	 3.8885522	 4.0184513
 0.0147783	 3.0008783	 3.1584785	 3.3137794	 3.8024771	 3.8948789	 4.0252786
 0.0213001	 3.0058008	 3.1649004	 3.3191999	 3.8083004	 3.9021987	 4.0331999
 0.0290286	 3.0118281	 3.1724298	 3.3258286	 3.8153291	 3.9107295	 4.0423293
 0.0379437	 3.0189439	 3.1810449	 3.3336437	 3.8234435	 3.9204440	 4.0525444
 0.0480703	 3.0272706	 3.1907703	 3.3426698	 3.8326709	 3.9312714	 4.0638698
 0.0594093	 3.0367102	 3.2016086	 3.3529094	 3.8431092	 3.9433097	 4.0765095
