 0.0968377	 3.0835383	 3.2072386	 3.3437365	 3.8615367	 3.9131377	 4.0651379
 0.0784320	 3.0659325	 3.1921309	 3.3312328	 3.8456317	 3.9005307	 4.0503322
 0.0619369	 3.0502370	 3.1790367	 3.3206367	 3.8316369	 3.8898366	 4.0374367
 0.0474066	 3.0364055	 3.1678066	 3.3120052	 3.8196067	 3.8811072	 4.0264079
 0.0348113	 3.0245114	 3.1585112	 3.3052106	 3.8094106	 3.8744105	 4.0173111
 0.0241681	 3.0145683	 3.1511668	 3.3003669	 3.8012689	 3.8695668	 4.0100674
 0.0154571	 3.0065573	 3.1456565	 3.2973573	 3.7950566	 3.8668566	 4.0048565
 0.0086902	 3.0003912	 3.1420891	 3.2962907	 3.7906891	 3.8659912	 4.0013897
 0.0038618	 2.9961625	 3.1404619	 3.2970607	 3.7883626	 3.8670607	 3.9998632
 0.0009626	 2.9938632	 3.1406632	 3.2997628	 3.7878619	 3.8701628	 4.0002632
 0.0000000	 2.9934006	 3.1429000	 3.3042990	 3.7893993	 3.8751996	 4.0025000
 0.0009667	 2.9948673	 3.1469681	 3.3107671	 3.7927681	 3.8820677	 4.0066660
 0.0038680	 2.9982687	 3.1528675	 3.3190693	 3.7981668	 3.8910693	 4.0126689
 0.0086934	 3.0034933	 3.1607942	 3.3292926	 3.8053942	 3.9018940	 4.0205928
 0.0154393	 3.0106390	 3.1705386	 3.3414398	 3.8145399	 3.9147405	 4.0304406
 0.0241162	 3.0197167	 3.1821171	 3.3554156	 3.8256150	 3.9294156	 4.0420163
 0.0347156	 3.0306149	 3.1957146	 3.3712145	 3.8386166	 3.9462159	 4.0557146
 0.0472394	 3.0434396	 3.2111380	 3.3890407	 3.8535393	 3.9648394	 4.0711407
 0.0616756	 3.0581746	 3.2284744	 3.4085758	 3.8703750	 3.9854765	 4.0884744
 0.0780396	 3.0748388	 3.2476394	 3.4300401	 3.8891400	 4.0079395	 4.1076394
 0.0963119	 3.0933127	 3.2687119	 3.4534120	 3.9098125	 4.0325114	 4.1287119
