 0.0156087	 3.0186092	 3.1642092	 3.3245089	 3.8067085	 3.8892080	 4.0266093
 0.0126407	 3.0146418	 3.1606418	 3.3211401	 3.8035411	 3.8864406	 4.0228405
 0.0099836	 3.0110825	 3.1574826	 3.3180843	 3.8007846	 3.8840841	 4.0193846
 0.0076425	 3.0078417	 3.1546417	 3.3153414	 3.7983437	 3.8818419	 4.0162417
 0.0056132	 3.0048130	 3.1520131	 3.3129141	 3.7961124	 3.8800133	 4.0133138
 0.0038957	 3.0021953	 3.1497954	 3.3106964	 3.7941967	 3.8784949	 4.0107967
 0.0024904	 2.9997898	 3.1477899	 3.3087916	 3.7926892	 3.8771915	 4.0084892
 0.0014000	 2.9977000	 3.1461001	 3.3073004	 3.7913994	 3.8762010	 4.0066007
 0.0006214	 2.9960210	 3.1447204	 3.3060215	 3.7904225	 3.8756214	 4.0049218
 0.0001548	 2.9945543	 3.1436537	 3.3049548	 3.7897558	 3.8752540	 4.0035558
 0.0000000	 2.9934006	 3.1429000	 3.3042990	 3.7893993	 3.8751996	 4.0025000
 0.0001578	 2.9925570	 3.1423585	 3.3039588	 3.7893585	 3.8753574	 4.0017571
 0.0006274	 2.9920264	 3.1422279	 3.3038282	 3.7895272	 3.8759261	 4.0013271
 0.0014073	 2.9918087	 3.1424075	 3.3040078	 3.7901068	 3.8767071	 4.0012074
 0.0025000	 2.9919012	 3.1427993	 3.3046010	 3.7908987	 3.8778010	 4.0012999
 0.0039018	 2.9922005	 3.1435014	 3.3054010	 3.7921014	 3.8793031	 4.0018006
 0.0056177	 2.9929189	 3.1446170	 3.3065167	 3.7935164	 3.8810174	 4.0025190
 0.0076436	 2.9938441	 3.1459449	 3.3079426	 3.7953423	 3.8830446	 4.0036428
 0.0099778	 2.9951775	 3.1475776	 3.3095780	 3.7973777	 3.8852787	 4.0049789
 0.0126252	 2.9967258	 3.1495260	 3.3116243	 3.7997260	 3.8879264	 4.0066252
 0.0155829	 2.9986823	 3.1517818	 3.3138828	 3.8023819	 3.8908815	 4.0086824
