 0.0585277	 3.0564276	 3.2421264	 3.3024268	 3.8633272	 4.0054279	 4.1056284
 0.0474304	 3.0453308	 3.2303302	 3.2943314	 3.8510304	 3.9875310	 4.0900309
 0.0374945	 3.0352952	 3.2183953	 3.2885953	 3.8397948	 3.9706953	 4.0755952
 0.0287258	 3.0263264	 3.2065257	 3.2851258	 3.8297266	 3.9550269	 4.0624249
 0.0211187	 3.0184187	 3.1951187	 3.2834197	 3.8206190	 3.9403192	 4.0503185
 0.0146698	 3.0115696	 3.1841688	 3.2833707	 3.8126705	 3.9265693	 4.0393687
 0.0093959	 3.0057954	 3.1740951	 3.2848945	 3.8057969	 3.9141962	 4.0296950
 0.0052869	 3.0010878	 3.1648868	 3.2877871	 3.8000880	 3.9027865	 4.0211860
 0.0023492	 2.9974496	 3.1564485	 3.2920484	 3.7953505	 3.8923482	 4.0137491
 0.0005864	 2.9948863	 3.1491858	 3.2975859	 3.7918864	 3.8832868	 4.0075858
 0.0000000	 2.9934006	 3.1429000	 3.3042990	 3.7893993	 3.8751996	 4.0025000
 0.0005923	 2.9929924	 3.1375910	 3.3122937	 3.7879925	 3.8680920	 3.9985924
 0.0023636	 2.9937625	 3.1334631	 3.3214639	 3.7877639	 3.8623640	 3.9959638
 0.0053189	 2.9955176	 3.1304181	 3.3319185	 3.7886184	 3.8576183	 3.9945189
 0.0094603	 2.9984592	 3.1283609	 3.3435596	 3.7906592	 3.8539611	 3.9941597
 0.0147822	 3.0024810	 3.1275827	 3.3563816	 3.7936824	 3.8515828	 3.9950821
 0.0212969	 3.0075967	 3.1277977	 3.3702975	 3.7978974	 3.8502957	 3.9970958
 0.0290136	 3.0138146	 3.1292127	 3.3855141	 3.8032145	 3.8501134	 4.0003149
 0.0379087	 3.0211099	 3.1318086	 3.4018083	 3.8097099	 3.8511093	 4.0049082
 0.0479945	 3.0294938	 3.1354958	 3.4192943	 3.8172937	 3.8532944	 4.0104947
 0.0592894	 3.0389905	 3.1403884	 3.4378906	 3.8260884	 3.8566904	 4.0173900
