 0.0291385	 3.0142391	 3.1836382	 3.3299376	 3.7976389	 3.9210372	 4.0380380
 0.0235777	 3.0096784	 3.1768789	 3.3247783	 3.7941776	 3.9137772	 4.0317767
 0.0186124	 3.0057137	 3.1708134	 3.3202122	 3.7913123	 3.9071131	 4.0262120
 0.0142359	 3.0022361	 3.1653358	 3.3161359	 3.7890347	 3.9011348	 4.0212350
 0.0104466	 2.9993463	 3.1603452	 3.3127454	 3.7873476	 3.8956462	 4.0168458
 0.0072483	 2.9969489	 3.1560485	 3.3098474	 3.7862482	 3.8908489	 4.0130471
 0.0046338	 2.9952346	 3.1522335	 3.3076351	 3.7857339	 3.8865331	 4.0097327
 0.0026044	 2.9939040	 3.1490035	 3.3059044	 3.7858047	 3.8828052	 4.0071041
 0.0011556	 2.9931557	 3.1463558	 3.3048568	 3.7863544	 3.8796568	 4.0049544
 0.0002876	 2.9929869	 3.1443885	 3.3042881	 3.7875870	 3.8770881	 4.0034877
 0.0000000	 2.9934006	 3.1429000	 3.3042990	 3.7893993	 3.8751996	 4.0025000
 0.0002896	 2.9942904	 3.1419884	 3.3048895	 3.7916905	 3.8736894	 4.0020891
 0.0011562	 2.9957571	 3.1416564	 3.3060568	 3.7946566	 3.8729574	 4.0023557
 0.0026000	 2.9978006	 3.1419013	 3.3078990	 3.7980988	 3.8726009	 4.0031013
 0.0046096	 3.0002089	 3.1426088	 3.3101086	 3.8022104	 3.8729084	 4.0044102
 0.0071984	 3.0032973	 3.1439993	 3.3129985	 3.8067983	 3.8737982	 4.0062987
 0.0103585	 3.0068593	 3.1458579	 3.3164597	 3.8119576	 3.8751588	 4.0087586
 0.0140840	 3.0109846	 3.1483831	 3.3204843	 3.8177835	 3.8772840	 4.0117845
 0.0183792	 3.0156785	 3.1514797	 3.3250803	 3.8240802	 3.8798799	 4.0153791
 0.0232386	 3.0208378	 3.1550390	 3.3302396	 3.8309375	 3.8829385	 4.0195397
 0.0286690	 3.0264679	 3.1592676	 3.3358696	 3.8383690	 3.8866692	 4.0242691
