 0.0712057	 3.0666047	 3.2098047	 3.3694050	 3.8558060	 3.9432063	 4.0725067
 0.0575414	 3.0528411	 3.1966425	 3.3563408	 3.8427418	 3.9299408	 4.0589418
 0.0453614	 3.0404627	 3.1848627	 3.3448603	 3.8310627	 3.9180603	 4.0469607
 0.0346528	 3.0295536	 3.1746530	 3.3347540	 3.8208530	 3.9077526	 4.0364516
 0.0253947	 3.0200949	 3.1657957	 3.3260953	 3.8120936	 3.8987946	 4.0272950
 0.0175936	 3.0120948	 3.1583942	 3.3188924	 3.8047928	 3.8912924	 4.0195942
 0.0112368	 3.0055368	 3.1525355	 3.3131372	 3.7989369	 3.8852379	 4.0133355
 0.0063062	 3.0004075	 3.1480076	 3.3089059	 3.7945069	 3.8806065	 4.0085055
 0.0027945	 2.9966959	 3.1448946	 3.3058936	 3.7913939	 3.8773955	 4.0050932
 0.0006967	 2.9943965	 3.1431966	 3.3043969	 3.7896959	 3.8755969	 4.0030959
 0.0000000	 2.9934006	 3.1429000	 3.3042990	 3.7893993	 3.8751996	 4.0025000
 0.0006945	 2.9937951	 3.1439939	 3.3055942	 3.7903953	 3.8760948	 4.0032945
 0.0027717	 2.9956727	 3.1463722	 3.3081712	 3.7928715	 3.8783724	 4.0053708
 0.0062208	 2.9988211	 3.1502199	 3.3122202	 3.7966212	 3.8821194	 4.0089218
 0.0110354	 3.0033354	 3.1554363	 3.3176353	 3.8017342	 3.8872352	 4.0137355
 0.0172092	 3.0091097	 3.1619099	 3.3243102	 3.8081099	 3.8935101	 4.0199098
 0.0247244	 3.0163234	 3.1697250	 3.3324247	 3.8159250	 3.9013252	 4.0275236
 0.0335810	 3.0248814	 3.1788816	 3.3417800	 3.8249809	 3.9103812	 4.0363809
 0.0437593	 3.0347592	 3.1894587	 3.3525584	 3.8353594	 3.9207596	 4.0465579
 0.0552632	 3.0458641	 3.2012630	 3.3645641	 3.8470630	 3.9324633	 4.0580629
 0.0680751	 3.0582753	 3.2142755	 3.3778759	 3.8600755	 3.9454757	 4.0708740
