 0.0572387	 3.0357388	 3.1601384	 3.3494400	 3.8138379	 3.9004382	 4.0083395
 0.0464140	 3.0266148	 3.1535152	 3.3399132	 3.8064146	 3.8930149	 4.0028129
 0.0367286	 3.0184296	 3.1478280	 3.3315294	 3.8000281	 3.8865277	 3.9983284
 0.0281576	 3.0114580	 3.1433571	 3.3242585	 3.7947572	 3.8812568	 3.9949570
 0.0207166	 3.0055178	 3.1400156	 3.3180162	 3.7907163	 3.8770173	 3.9927175
 0.0144068	 3.0007068	 3.1376074	 3.3129059	 3.7876061	 3.8738064	 3.9915065
 0.0092325	 2.9970333	 3.1365325	 3.3089331	 3.7857312	 3.8719315	 3.9915338
 0.0051988	 2.9944999	 3.1364999	 3.3060976	 3.7849992	 3.8710988	 3.9925977
 0.0023125	 2.9930114	 3.1374115	 3.3044133	 3.7853122	 3.8713138	 3.9948127
 0.0005795	 2.9925788	 3.1395802	 3.3037792	 3.7867789	 3.8725791	 3.9980808
 0.0000000	 2.9934006	 3.1429000	 3.3042990	 3.7893993	 3.8751996	 4.0025000
 0.0005809	 2.9952809	 3.1472810	 3.3059806	 3.7930810	 3.8787806	 4.0080810
 0.0023280	 2.9984292	 3.1528267	 3.3088269	 3.7980281	 3.8835290	 4.0148267
 0.0052409	 3.0025409	 3.1594418	 3.3127399	 3.8040418	 3.8894420	 4.0226418
 0.0093293	 3.0078280	 3.1672297	 3.3178285	 3.8112283	 3.8964299	 4.0315291
 0.0145959	 3.0142962	 3.1761959	 3.3240953	 3.8194951	 3.9045961	 4.0416953
 0.0210465	 3.0219453	 3.1863457	 3.3315457	 3.8290463	 3.9139459	 4.0529472
 0.0286883	 3.0307890	 3.1975895	 3.3400874	 3.8397894	 3.9244876	 4.0653882
 0.0375097	 3.0407103	 3.2100087	 3.3499107	 3.8516100	 3.9362103	 4.0790102
 0.0475348	 3.0518343	 3.2235355	 3.3607354	 3.8645354	 3.9489343	 4.0937343
 0.0587554	 3.0640550	 3.2382542	 3.3728554	 3.8787561	 3.9629563	 4.1096557
