 0.0434725	 3.0352735	 3.1862722	 3.3477719	 3.8316722	 3.9185718	 4.0457715
 0.0354054	 3.0274066	 3.1783047	 3.3397064	 3.8237047	 3.9105064	 4.0378040
 0.0281071	 3.0203072	 3.1710066	 3.3324083	 3.8165073	 3.9033062	 4.0305059
 0.0216399	 3.0139397	 3.1645412	 3.3260409	 3.8102405	 3.8968408	 4.0240405
 0.0159669	 3.0084675	 3.1588676	 3.3203673	 3.8046676	 3.8911672	 4.0184676
 0.0111467	 3.0037463	 3.1540458	 3.3155454	 3.7999465	 3.8863454	 4.0136457
 0.0071633	 2.9999640	 3.1500620	 3.3115644	 3.7960634	 3.8823643	 4.0096620
 0.0040476	 2.9969489	 3.1469463	 3.3083480	 3.7930484	 3.8792486	 4.0065463
 0.0018074	 2.9949081	 3.1447068	 3.3061085	 3.7909068	 3.8770064	 4.0043068
 0.0004533	 2.9936536	 3.1433544	 3.3047534	 3.7897531	 3.8756540	 4.0029544
 0.0000000	 2.9934006	 3.1429000	 3.3042990	 3.7893993	 3.8751996	 4.0025000
 0.0004595	 2.9940591	 3.1433599	 3.3047588	 3.7899599	 3.8755588	 4.0029598
 0.0018373	 2.9955367	 3.1447368	 3.3061385	 3.7914375	 3.8769384	 4.0043367
 0.0041535	 2.9980537	 3.1469545	 3.3083535	 3.7938538	 3.8792541	 4.0066524
 0.0074028	 3.0014034	 3.1502035	 3.3116025	 3.7972035	 3.8825031	 4.0099015
 0.0116136	 3.0058144	 3.1544131	 3.3158148	 3.8015138	 3.8867127	 4.0141138
 0.0167712	 3.0110716	 3.1595724	 3.3209714	 3.8068718	 3.8918720	 4.0192703
 0.0229132	 3.0174119	 3.1657140	 3.3271130	 3.8131141	 3.8979129	 4.0254120
 0.0300031	 3.0246039	 3.1727019	 3.3341036	 3.8202026	 3.9050042	 4.0324026
 0.0380805	 3.0327809	 3.1807810	 3.3421800	 3.8283796	 3.9130806	 4.0404816
 0.0471466	 3.0420464	 3.1898478	 3.3512468	 3.8376479	 3.9220467	 4.0495457
