 0.1271365	 3.1191363	 3.2646356	 3.4239366	 3.8903373	 3.9965352	 4.1246356
 0.1031727	 3.0953726	 3.2412719	 3.4007715	 3.8689736	 3.9731715	 4.1012719
 0.0816995	 3.0740987	 3.2203001	 3.3800990	 3.8500998	 3.9523004	 4.0803001
 0.0626665	 3.0552657	 3.2018671	 3.3618674	 3.8336668	 3.9338674	 4.0617664
 0.0461476	 3.0388463	 3.1859484	 3.3460467	 3.8198489	 3.9179487	 4.0457470
 0.0321051	 3.0250039	 3.1724053	 3.3328056	 3.8084038	 3.9045063	 4.0322039
 0.0205888	 3.0135887	 3.1614881	 3.3219891	 3.7994893	 3.8935890	 4.0211887
 0.0116036	 3.0047042	 3.1530036	 3.3138039	 3.7931028	 3.8852025	 4.0128049
 0.0051677	 2.9983666	 3.1470688	 3.3080677	 3.7893667	 3.8793684	 4.0067667
 0.0012947	 2.9945951	 3.1436946	 3.3048949	 3.7879952	 3.8758935	 4.0033952
 0.0000000	 2.9934006	 3.1429000	 3.3042990	 3.7893993	 3.8751996	 4.0025000
 0.0013045	 2.9948047	 3.1447041	 3.3063044	 3.7933042	 3.8770037	 4.0042034
 0.0052277	 2.9987286	 3.1490280	 3.3109277	 3.7998267	 3.8814283	 4.0086280
 0.0117820	 3.0053817	 3.1560812	 3.3181822	 3.8089834	 3.8883808	 4.0155832
 0.0209926	 3.0146935	 3.1656923	 3.3280926	 3.8208938	 3.8981932	 4.0251915
 0.0328808	 3.0264815	 3.1780816	 3.3405799	 3.8353811	 3.9104819	 4.0374802
 0.0474681	 3.0411675	 3.1930669	 3.3557693	 3.8525679	 3.9255679	 4.0524682
 0.0647571	 3.0584576	 3.2107571	 3.3737561	 3.8724567	 3.9432580	 4.0701584
 0.0848003	 3.0785015	 3.2312010	 3.3944014	 3.8950993	 3.9636992	 4.0905016
 0.1075932	 3.1012938	 3.2543933	 3.4177923	 3.9205936	 3.9868942	 4.1136939
 0.1331975	 3.1268970	 3.2803965	 3.4440975	 3.9487983	 4.0129981	 4.1396971
