 0.3524122	 3.1559125	 3.2597131	 3.7165109	 3.9376117	 3.9584120	 4.3144133
 0.2842848	 3.1082844	 3.2286839	 3.6432850	 3.8872842	 3.9096846	 4.2573837
 0.2237287	 3.0678292	 3.2024277	 3.5773300	 3.8465297	 3.8685273	 4.2064276
 0.1705745	 3.0345741	 3.1807755	 3.5185751	 3.8157753	 3.8346736	 4.1612758
 0.1248200	 3.0083206	 3.1633194	 3.4671211	 3.7948198	 3.8080201	 4.1219199
 0.0863325	 2.9890331	 3.1499314	 3.4226332	 3.7830319	 3.7893313	 4.0882322
 0.0550430	 2.9765431	 3.1404428	 3.3852420	 3.7738426	 3.7848441	 4.0601419
 0.0308445	 2.9708450	 3.1348454	 3.3547435	 3.7681445	 3.7933450	 4.0375455
 0.0136515	 2.9718519	 3.1333515	 3.3311512	 3.7687513	 3.8116528	 4.0204513
 0.0034028	 2.9794030	 3.1360019	 3.3143019	 3.7758018	 3.8390030	 4.0087014
 0.0000000	 2.9934006	 3.1429000	 3.3042990	 3.7893993	 3.8751996	 4.0025000
 0.0033638	 3.0137629	 3.1541628	 3.3008649	 3.8092636	 3.9194644	 4.0015639
 0.0134135	 3.0404137	 3.1701141	 3.3040132	 3.8354138	 3.9717130	 4.0061136
 0.0300618	 3.0733613	 3.1907621	 3.3136624	 3.8677627	 4.0159614	 4.0313631
 0.0532413	 3.1122409	 3.2163408	 3.3296409	 3.9060410	 4.0314420	 4.0979412
 0.0828354	 3.1571343	 3.2468367	 3.3520359	 3.9500364	 4.0524356	 4.1709358
 0.1187975	 3.2076985	 3.2824972	 3.3804963	 3.9993979	 4.0793967	 4.2499985
 0.1610150	 3.2639145	 3.3235157	 3.4152154	 4.0531159	 4.1130163	 4.3345144
 0.2094463	 3.3252463	 3.3701451	 3.4559454	 4.1088475	 4.1557464	 4.4238467
 0.2639915	 3.3909918	 3.4231910	 3.5027925	 4.1629928	 4.2110917	 4.5174920
 0.3245572	 3.4586584	 3.4845582	 3.5556561	 4.2153584	 4.2788562	 4.6141578
