-1.440934 0.624638 -0.000093
-1.340598 -0.835341 -0.000014
0.950950 -0.790633 -0.000112
0.971839 0.629045 -0.000017
2.214746 1.286463 0.000117
2.258876 2.369356 0.000114
3.410960 0.570195 0.000157
3.395555 -0.855336 -0.000091
2.169827 -1.500624 -0.000217
-4.646426 -1.236914 0.000459
2.105128 -2.585096 -0.000439
-2.629601 -1.602661 0.000014
-2.707664 -2.819385 0.000280
-3.766989 0.635139 -0.000039
-4.848161 1.201753 -0.000175
-3.739116 -0.780223 0.000349
-2.558764 1.304442 -0.000162
-0.238001 1.309826 -0.000053
-0.221684 -1.496025 -0.000092
4.681690 -1.646719 -0.000246
4.477799 -2.721424 -0.000711
5.296304 -1.422748 -0.881744
5.296068 -1.423517 0.881616
4.722074 1.316950 0.000385
5.326121 1.063108 0.880953
5.326568 1.063187 -0.879899
4.565714 2.399618 0.000392
-0.252132 2.778740 -0.000098
0.254831 3.153799 -0.894406
-1.290230 3.102543 -0.000303
0.254495 3.153872 0.894373
