 0.1431593	 3.1183580	 3.2034590	 3.4045594	 3.8757601	 3.9603604	 4.0423592
 0.1160918	 3.0937916	 3.1851920	 3.3823930	 3.8546931	 3.9396906	 4.0257929
 0.0918237	 3.0719245	 3.1696243	 3.3629232	 3.8363227	 3.9216250	 4.0120239
 0.0703910	 3.0526915	 3.1567914	 3.3460902	 3.8207904	 3.9062913	 4.0010904
 0.0517802	 3.0360789	 3.1466797	 3.3319811	 3.8078813	 3.8936816	 3.9929814
 0.0359910	 3.0221902	 3.1391911	 3.3204898	 3.7977913	 3.8836923	 3.9874901
 0.0230583	 3.0110580	 3.1344590	 3.3118583	 3.7905585	 3.8765574	 3.9848588
 0.0129893	 3.0024892	 3.1323882	 3.3057902	 3.7859897	 3.8719886	 3.9850901
 0.0057785	 2.9966795	 3.1331774	 3.3025792	 3.7842781	 3.8702798	 3.9880779
 0.0014444	 2.9937434	 3.1367448	 3.3020431	 3.7854455	 3.8714444	 3.9939447
 0.0000000	 2.9934006	 3.1429000	 3.3042990	 3.7893993	 3.8751996	 4.0025000
 0.0014508	 2.9958496	 3.1518498	 3.3093521	 3.7961505	 3.8817521	 4.0139505
 0.0058091	 3.0010089	 3.1635099	 3.3171101	 3.8058078	 3.8910094	 4.0282093
 0.0130903	 3.0089900	 3.1779891	 3.3277906	 3.8183903	 3.9032899	 4.0452899
 0.0232906	 3.0197902	 3.1951894	 3.3410915	 3.8336913	 3.9181909	 4.0651896
 0.0364230	 3.0333224	 3.2152225	 3.3574238	 3.8520236	 3.9359218	 4.0879220
 0.0525215	 3.0496220	 3.2380202	 3.3765207	 3.8732213	 3.9565209	 4.1136204
 0.0715653	 3.0687653	 3.2634655	 3.3983661	 3.8973660	 3.9798655	 4.1420645
 0.0935686	 3.0907684	 3.2918688	 3.4231692	 3.9243679	 4.0061681	 4.1734692
 0.1185710	 3.1154709	 3.3229714	 3.4508705	 3.9543712	 4.0352706	 4.2076712
 0.1465666	 3.1431667	 3.3568660	 3.4814670	 3.9873677	 4.0673665	 4.2448665
