 0.0516237	 3.0079233	 3.1697250	 3.3702240	 3.7885231	 3.8924244	 4.0308243
 0.0418333	 3.0021327	 3.1626337	 3.3590320	 3.7840332	 3.8861331	 4.0234337
 0.0330816	 2.9973816	 3.1564812	 3.3488821	 3.7806808	 3.8808813	 4.0170825
 0.0253417	 2.9935421	 3.1513410	 3.3397418	 3.7782426	 3.8765411	 4.0116430
 0.0186340	 2.9906332	 3.1472348	 3.3315349	 3.7768331	 3.8733329	 4.0073327
 0.0129506	 2.9886495	 3.1440510	 3.3244517	 3.7764494	 3.8710498	 4.0039503
 0.0082996	 2.9876998	 3.1418986	 3.3182992	 3.7769991	 3.8698988	 4.0016999
 0.0046745	 2.9876753	 3.1406741	 3.3132733	 3.7785746	 3.8697736	 4.0003747
 0.0020808	 2.9885814	 3.1404809	 3.3091807	 3.7811815	 3.8704811	 4.0000809
 0.0005231	 2.9905243	 3.1412238	 3.3062228	 3.7848224	 3.8723233	 4.0008237
 0.0000000	 2.9934006	 3.1429000	 3.3042990	 3.7893993	 3.8751996	 4.0025000
 0.0005138	 2.9972129	 3.1456130	 3.3034146	 3.7950130	 3.8790146	 4.0053136
 0.0020654	 3.0020647	 3.1491668	 3.3035643	 3.8015655	 3.8838664	 4.0090661
 0.0046590	 3.0078580	 3.1538580	 3.3048595	 3.8091602	 3.8898584	 4.0138580
 0.0082936	 3.0145928	 3.1594935	 3.3071943	 3.8177944	 3.8966939	 4.0196948
 0.0129659	 3.0222664	 3.1660651	 3.3105658	 3.8273647	 3.9046668	 4.0265657
 0.0186893	 3.0309904	 3.1734883	 3.3149903	 3.8379880	 3.9135894	 4.0344897
 0.0254536	 3.0405525	 3.1819538	 3.3205523	 3.8496535	 3.9235542	 4.0433524
 0.0332737	 3.0511731	 3.1913744	 3.3271729	 3.8622742	 3.9345749	 4.0533744
 0.0421306	 3.0627298	 3.2017310	 3.3349308	 3.8758309	 3.9466295	 4.0643297
 0.0520451	 3.0753450	 3.2131462	 3.3438453	 3.8905441	 3.9597454	 4.0763463
