 0.0268251	 3.0158255	 3.1788245	 3.3229252	 3.8431255	 3.9175242	 4.0447239
 0.0217374	 3.0113383	 3.1729387	 3.3186367	 3.8354383	 3.9109363	 4.0381360
 0.0171744	 3.0073736	 3.1675753	 3.3148733	 3.8283742	 3.9048736	 4.0320733
 0.0131533	 3.0038525	 3.1626527	 3.3117522	 3.8217537	 3.8993524	 4.0265521
 0.0096664	 3.0008674	 3.1582663	 3.3090664	 3.8156665	 3.8942666	 4.0215670
 0.0067157	 2.9984156	 3.1544159	 3.3069167	 3.8100147	 3.8898148	 4.0170145
 0.0042997	 2.9963993	 3.1510988	 3.3053003	 3.8048989	 3.8857984	 4.0130988
 0.0024206	 2.9949217	 3.1482198	 3.3043207	 3.8002213	 3.8824215	 4.0096212
 0.0010788	 2.9938795	 3.1459776	 3.3037792	 3.7961777	 3.8794799	 4.0067776
 0.0002710	 2.9933706	 3.1441708	 3.3037711	 3.7924715	 3.8770717	 4.0043721
 0.0000000	 2.9934006	 3.1429000	 3.3042990	 3.7893993	 3.8751996	 4.0025000
 0.0002649	 2.9938659	 3.1421653	 3.3053657	 3.7867653	 3.8737655	 4.0011639
 0.0010667	 2.9948673	 3.1418660	 3.3069657	 3.7846673	 3.8729655	 4.0003666
 0.0024041	 2.9964047	 3.1422034	 3.3091045	 3.7830046	 3.8726036	 4.0001054
 0.0042764	 2.9983775	 3.1428755	 3.3117767	 3.7818754	 3.8726771	 4.0002768
 0.0066881	 3.0008891	 3.1442878	 3.3149876	 3.7811869	 3.8733873	 4.0009870
 0.0096348	 3.0039341	 3.1460347	 3.3187346	 3.7811352	 3.8746336	 4.0023340
 0.0131148	 3.0074144	 3.1484157	 3.3230150	 3.7815162	 3.8764159	 4.0041136
 0.0171402	 3.0114390	 3.1513410	 3.3278396	 3.7823407	 3.8786391	 4.0064402
 0.0216935	 3.0159942	 3.1546934	 3.3331948	 3.7836931	 3.8813929	 4.0092946
 0.0267865	 3.0209875	 3.1585874	 3.3389853	 3.7855870	 3.8846855	 4.0126879
