 0.0786050	 3.0667054	 3.1984058	 3.3300056	 3.8617055	 3.9162044	 4.0913044
 0.0636453	 3.0524466	 3.1868464	 3.3198448	 3.8474440	 3.9048464	 4.0756442
 0.0502750	 3.0396763	 3.1766748	 3.3114746	 3.8347743	 3.8950748	 4.0614752
 0.0384810	 3.0284815	 3.1677821	 3.3047806	 3.8236802	 3.8869821	 4.0487811
 0.0282682	 3.0188677	 3.1601683	 3.2996676	 3.8141671	 3.8803670	 4.0375673
 0.0196251	 3.0107261	 3.1539261	 3.2963260	 3.8061262	 3.8755261	 4.0279263
 0.0125616	 3.0041627	 3.1490607	 3.2946607	 3.7996607	 3.8721628	 4.0198608
 0.0070676	 2.9991667	 3.1454687	 3.2946689	 3.7947681	 3.8704675	 4.0132675
 0.0031414	 2.9957407	 3.1432401	 3.2962417	 3.7914402	 3.8705410	 4.0082416
 0.0007888	 2.9937897	 3.1423884	 3.2994880	 3.7895898	 3.8719886	 4.0045898
 0.0000000	 2.9934006	 3.1429000	 3.3042990	 3.7893993	 3.8751996	 4.0025000
 0.0007781	 2.9945788	 3.1447776	 3.3107780	 3.7906783	 3.8798772	 4.0019775
 0.0031218	 2.9972210	 3.1480212	 3.3188217	 3.7935218	 3.8862229	 4.0029217
 0.0070282	 3.0014279	 3.1526281	 3.3285280	 3.7978294	 3.8942285	 4.0053272
 0.0124925	 3.0071913	 3.1586935	 3.3397935	 3.8036935	 3.9036926	 4.0092919
 0.0195245	 3.0145248	 3.1661249	 3.3525257	 3.8112256	 3.9148248	 4.0147233
 0.0281056	 3.0233059	 3.1749060	 3.3669042	 3.8201047	 3.9275053	 4.0216051
 0.0382579	 3.0336571	 3.1851566	 3.3828583	 3.8306572	 3.9418566	 4.0301576
 0.0499700	 3.0454696	 3.1967704	 3.4003688	 3.8426711	 3.9577699	 4.0400707
 0.0632139	 3.0589147	 3.2098128	 3.4193134	 3.8562142	 3.9751144	 4.0515131
 0.0780314	 3.0738320	 3.2244308	 3.4399315	 3.8713301	 3.9942304	 4.0644304
