 0.2094173	 3.2387168	 3.2017174	 3.5429185	 3.9085172	 3.9890167	 4.1562172
 0.1695867	 3.1975867	 3.1811864	 3.5018864	 3.8859862	 3.9513861	 4.1248859
 0.1339133	 3.1571125	 3.1670120	 3.4646122	 3.8678144	 3.9177120	 4.0970133
 0.1024571	 3.1242575	 3.1520566	 3.4312565	 3.8537570	 3.8879563	 4.0727571
 0.0752191	 3.0942188	 3.1412183	 3.4016178	 3.8440180	 3.8621191	 4.0520193
 0.0522098	 3.0679108	 3.1338087	 3.3758105	 3.8371091	 3.8418085	 4.0350094
 0.0333823	 3.0453825	 3.1293814	 3.3538836	 3.8216829	 3.8381812	 4.0213819
 0.0187685	 3.0266692	 3.1280698	 3.3357690	 3.8077697	 3.8411690	 4.0113682
 0.0083476	 3.0118472	 3.1299474	 3.3214476	 3.7977478	 3.8483474	 4.0048483
 0.0020995	 3.0006987	 3.1348998	 3.3109984	 3.7916007	 3.8597000	 4.0019993
 0.0000000	 2.9934006	 3.1429000	 3.3042990	 3.7893993	 3.8751996	 4.0025000
 0.0020262	 2.9898250	 3.1539261	 3.3014254	 3.7910266	 3.8945251	 4.0065272
 0.0081525	 2.9900536	 3.1680515	 3.3023534	 3.7964525	 3.9177528	 4.0141519
 0.0183361	 2.9939366	 3.1852355	 3.3069358	 3.8057370	 3.9448363	 4.0252351
 0.0325350	 3.0015340	 3.2053338	 3.3152352	 3.8189346	 3.9754355	 4.0399347
 0.0507235	 3.0127234	 3.2284227	 3.3273225	 3.8357240	 4.0094225	 4.0582235
 0.0728481	 3.0275481	 3.2544477	 3.3429473	 3.8563475	 4.0461470	 4.0808470
 0.0988004	 3.0458995	 3.2831013	 3.3623001	 3.8805004	 4.0837995	 4.1089999
 0.1286182	 3.0677176	 3.3146175	 3.3853182	 3.9083186	 4.1194192	 4.1459176
 0.1621922	 3.0929916	 3.3488930	 3.4118928	 3.9395926	 4.1533926	 4.1910913
 0.1994949	 3.1216941	 3.3856937	 3.4421955	 3.9744940	 4.1886940	 4.2414950
