 0.1912615	 3.2013610	 3.3264627	 3.4736627	 4.0496628	 4.0906622	 4.1970615
 0.1546658	 3.1632650	 3.2909654	 3.4393655	 4.0063667	 4.0519648	 4.1598662
 0.1220107	 3.1290113	 3.2594110	 3.4089105	 3.9669102	 4.0171098	 4.1268098
 0.0932650	 3.0986651	 3.2316663	 3.3822651	 3.9312660	 3.9860643	 4.0975657
 0.0684180	 3.0722184	 3.2077175	 3.3596170	 3.8995184	 3.9590189	 4.0724169
 0.0474365	 3.0496356	 3.1875376	 3.3408357	 3.8716376	 3.9356361	 4.0511376
 0.0303210	 3.0308217	 3.1711209	 3.3259211	 3.8475201	 3.9160221	 4.0337223
 0.0170313	 3.0157302	 3.1584323	 3.3147318	 3.8272313	 3.9001307	 4.0201302
 0.0075588	 3.0045600	 3.1495586	 3.3075589	 3.8107575	 3.8881577	 4.0105600
 0.0018889	 2.9970877	 3.1443885	 3.3039888	 3.7981886	 3.8797901	 4.0045898
 0.0000000	 2.9934006	 3.1429000	 3.3042990	 3.7893993	 3.8751996	 4.0025000
 0.0018767	 2.9933761	 3.1450769	 3.3083780	 3.7843761	 3.8742771	 4.0041762
 0.0075020	 2.9972020	 3.1510008	 3.3162012	 3.7832033	 3.8770010	 4.0096021
 0.0168656	 3.0045654	 3.1604650	 3.3276654	 3.7857666	 3.8833657	 4.0187669
 0.0299457	 3.0157466	 3.1737468	 3.3429446	 3.7921449	 3.8934448	 4.0316461
 0.0467334	 3.0305332	 3.1906342	 3.3619327	 3.8023329	 3.9072328	 4.0482342
 0.0672146	 3.0489145	 3.2111135	 3.3846134	 3.8163141	 3.9246155	 4.0685148
 0.0913765	 3.0709775	 3.2352773	 3.4108751	 3.8339770	 3.9455764	 4.0925751
 0.1191923	 3.0965916	 3.2629921	 3.4408920	 3.8554931	 3.9700912	 4.1201920
 0.1506899	 3.1258901	 3.2943886	 3.4744899	 3.8806908	 3.9982904	 4.1514905
 0.1858158	 3.1588159	 3.3293171	 3.5118158	 3.9097145	 4.0301168	 4.1864164
