 0.0559269	 3.0502261	 3.1990262	 3.3600279	 3.8447283	 3.9313258	 4.0587269
 0.0452610	 3.0395620	 3.1883621	 3.3493610	 3.8341621	 3.9206617	 4.0480600
 0.0357370	 3.0300380	 3.1788381	 3.3398371	 3.8247360	 3.9111377	 4.0385360
 0.0273319	 3.0215317	 3.1704325	 3.3315321	 3.8164311	 3.9027321	 4.0301331
 0.0200592	 3.0141601	 3.1630582	 3.3242585	 3.8091602	 3.8953605	 4.0227588
 0.0139193	 3.0080185	 3.1569193	 3.3181196	 3.8031193	 3.8892189	 4.0166200
 0.0088958	 3.0028946	 3.1518961	 3.3131971	 3.7981968	 3.8841957	 4.0115967
 0.0049979	 2.9987966	 3.1479967	 3.3092977	 3.7942974	 3.8801983	 4.0075967
 0.0022185	 2.9959176	 3.1451177	 3.3065194	 3.7915191	 3.8774173	 4.0048184
 0.0005535	 2.9941543	 3.1434524	 3.3048541	 3.7899544	 3.8757547	 4.0031530
 0.0000000	 2.9934006	 3.1429000	 3.3042990	 3.7893993	 3.8751996	 4.0025000
 0.0005539	 2.9937543	 3.1433544	 3.3048541	 3.7899544	 3.8756540	 4.0029544
 0.0022121	 2.9952128	 3.1450116	 3.3065113	 3.7916116	 3.8773112	 4.0046116
 0.0049661	 2.9977653	 3.1477654	 3.3092650	 3.7943654	 3.8799670	 4.0073654
 0.0088123	 3.0014116	 3.1515124	 3.3131127	 3.7981124	 3.8838120	 4.0111124
 0.0137522	 3.0060511	 3.1564513	 3.3181523	 3.8030513	 3.8886529	 4.0159533
 0.0197714	 3.0118717	 3.1623725	 3.3241715	 3.8090704	 3.8946721	 4.0219724
 0.0268663	 3.0186663	 3.1694665	 3.3312655	 3.8160665	 3.9017661	 4.0289658
 0.0350318	 3.0265332	 3.1776326	 3.3393309	 3.8241319	 3.9098315	 4.0370312
 0.0442639	 3.0353633	 3.1867648	 3.3485638	 3.8333648	 3.9190644	 4.0462640
 0.0545590	 3.0453580	 3.1970588	 3.3588578	 3.8435582	 3.9292578	 4.0564602
