 0.0466227	 3.0401225	 3.1898233	 3.3512223	 3.8375227	 3.9220222	 4.0495240
 0.0377063	 3.0312054	 3.1809062	 3.3423051	 3.8284069	 3.9131051	 4.0405061
 0.0297200	 3.0232188	 3.1728189	 3.3342206	 3.8203196	 3.9051212	 4.0325196
 0.0227052	 3.0162064	 3.1658038	 3.3272055	 3.8132039	 3.8981061	 4.0255045
 0.0166455	 3.0101465	 3.1597466	 3.3211455	 3.8069452	 3.8919455	 4.0194445
 0.0115339	 3.0050334	 3.1546335	 3.3160352	 3.8017342	 3.8868352	 4.0142335
 0.0073612	 3.0008619	 3.1503614	 3.3117603	 3.7973614	 3.8826609	 4.0100620
 0.0041273	 2.9975285	 3.1471286	 3.3085276	 3.7940280	 3.8794282	 4.0068266
 0.0018294	 2.9952292	 3.1448293	 3.3062283	 3.7915300	 3.8770282	 4.0044292
 0.0004564	 2.9938577	 3.1433571	 3.3047561	 3.7899572	 3.8756567	 4.0030551
 0.0000000	 2.9934006	 3.1429000	 3.3042990	 3.7893993	 3.8751996	 4.0025000
 0.0004548	 2.9938550	 3.1432537	 3.3046554	 3.7896551	 3.8755561	 4.0028537
 0.0018105	 2.9951094	 3.1446116	 3.3060106	 3.7908116	 3.8768105	 4.0042116
 0.0040621	 2.9973625	 3.1467613	 3.3081630	 3.7928633	 3.8790609	 4.0063613
 0.0071958	 3.0004946	 3.1497954	 3.3112950	 3.7958947	 3.8820950	 4.0093953
 0.0112006	 3.0045001	 3.1538009	 3.3151999	 3.7997016	 3.8861005	 4.0134008
 0.0160612	 3.0093600	 3.1585602	 3.3200625	 3.8043601	 3.8908625	 4.0181601
 0.0217766	 3.0149765	 3.1641766	 3.3256762	 3.8098759	 3.8965769	 4.0237765
 0.0283405	 3.0215399	 3.1707400	 3.3321417	 3.8162406	 3.9030396	 4.0302393
 0.0357229	 3.0288216	 3.1780217	 3.3394234	 3.8234217	 3.9103241	 4.0375237
 0.0439224	 3.0370232	 3.1861226	 3.3476222	 3.8314219	 3.9184222	 4.0457225
