 0.0867117	 3.0835111	 3.2270104	 3.3824120	 3.8737111	 3.9596121	 4.0850104
 0.0702974	 3.0668986	 3.2108986	 3.3669968	 3.8574986	 3.9433968	 4.0689965
 0.0555852	 3.0520847	 3.1965854	 3.3531842	 3.8430847	 3.9290863	 4.0548846
 0.0425977	 3.0387973	 3.1838967	 3.3410969	 3.8303987	 3.9163976	 4.0422966
 0.0313266	 3.0272271	 3.1729278	 3.3308274	 3.8193264	 3.9053253	 4.0315264
 0.0217733	 3.0173738	 3.1636732	 3.3221741	 3.8100745	 3.8960734	 4.0224731
 0.0139481	 3.0091478	 3.1560485	 3.3151482	 3.8024472	 3.8884488	 4.0150471
 0.0078560	 3.0026552	 3.1501573	 3.3098555	 3.7966566	 3.8825548	 4.0093572
 0.0034948	 2.9978959	 3.1459939	 3.3062936	 3.7924960	 3.8782935	 4.0052946
 0.0008766	 2.9947775	 3.1435776	 3.3044758	 3.7900769	 3.8759778	 4.0030768
 0.0000000	 2.9934006	 3.1429000	 3.3042990	 3.7893993	 3.8751996	 4.0025000
 0.0008712	 2.9936700	 3.1438714	 3.3058718	 3.7903708	 3.8761710	 4.0036700
 0.0034948	 2.9957952	 3.1465953	 3.3091943	 3.7931953	 3.8788949	 4.0065953
 0.0078784	 2.9994796	 3.1510770	 3.3142774	 3.7977777	 3.8833793	 4.0111777
 0.0140189	 3.0049191	 3.1573193	 3.3210177	 3.8040200	 3.8895182	 4.0175179
 0.0219272	 3.0122281	 3.1652269	 3.3295267	 3.8121263	 3.8974286	 4.0256269
 0.0316115	 3.0211127	 3.1750122	 3.3397119	 3.8219115	 3.9071104	 4.0355128
 0.0430655	 3.0317659	 3.1864654	 3.3517665	 3.8334655	 3.9185664	 4.0471647
 0.0562972	 3.0441961	 3.1995977	 3.3654974	 3.8467963	 3.9316959	 4.0603977
 0.0713143	 3.0584140	 3.2147136	 3.3810133	 3.8619150	 3.9467139	 4.0756143
 0.0881315	 3.0743327	 3.2314323	 3.3983307	 3.8788323	 3.9634325	 4.0924309
