 0.1301483	 3.1729495	 3.3555489	 3.4984496	 3.9727470	 4.1051495	 4.3189495
 0.1064805	 3.1452810	 3.3280817	 3.4654803	 3.9447819	 4.0719815	 4.2772807
 0.0840620	 3.1182628	 3.3006608	 3.4341627	 3.9172630	 4.0399619	 4.2366622
 0.0642939	 3.0936936	 3.2748943	 3.4060941	 3.8922938	 4.0102933	 4.1984928
 0.0472026	 3.0718020	 3.2510027	 3.3816038	 3.8699015	 3.9834030	 4.1629030
 0.0327556	 3.0523568	 3.2285560	 3.3604551	 3.8500562	 3.9588556	 4.1297568
 0.0209448	 3.0354449	 3.2077448	 3.3426453	 3.8328450	 3.9369450	 4.0992446
 0.0117755	 3.0211752	 3.1887757	 3.3282749	 3.8180747	 3.9176766	 4.0712768
 0.0052317	 3.0093328	 3.1716325	 3.3171319	 3.8060309	 3.9009307	 4.0458314
 0.0013096	 3.0001109	 3.1563098	 3.3092106	 3.7964090	 3.8868107	 4.0229085
 0.0000000	 2.9934006	 3.1429000	 3.3042990	 3.7893993	 3.8751996	 4.0025000
 0.0012940	 2.9891937	 3.1315937	 3.3023942	 3.7848931	 3.8660946	 3.9846928
 0.0051872	 2.9874875	 3.1222874	 3.3033874	 3.7828876	 3.8594877	 3.9693864
 0.0116660	 2.9882658	 3.1151661	 3.3071671	 3.7833666	 3.8554659	 3.9565671
 0.0207225	 2.9915230	 3.1103225	 3.3137223	 3.7863217	 3.8540237	 3.9463220
 0.0323524	 2.9972537	 3.1076531	 3.3229524	 3.7918511	 3.8550523	 3.9386511
 0.0465181	 3.0054171	 3.1073184	 3.3349172	 3.7997179	 3.8586170	 3.9336170
 0.0632633	 3.0160622	 3.1092640	 3.3494645	 3.8099630	 3.8646633	 3.9310646
 0.0825471	 3.0291482	 3.1135471	 3.3665478	 3.8226462	 3.8732458	 3.9310483
 0.1043680	 3.0445689	 3.1201676	 3.3862679	 3.8376669	 3.8843671	 3.9337667
 0.1287088	 3.0624087	 3.1292099	 3.4084098	 3.8549080	 3.8980082	 3.9391083
