 0.0652031	 3.0332027	 3.1885036	 3.3719030	 3.8497025	 3.9235025	 4.0590044
 0.0528614	 3.0235617	 3.1781605	 3.3594619	 3.8378601	 3.9129608	 4.0476627
 0.0418129	 3.0152132	 3.1692134	 3.3482127	 3.8274136	 3.9036137	 4.0376135
 0.0320320	 3.0080321	 3.1613330	 3.3382316	 3.8181318	 3.8955319	 4.0286311
 0.0235601	 3.0021599	 3.1548594	 3.3295593	 3.8102596	 3.8888597	 4.0211588
 0.0163778	 2.9974768	 3.1496784	 3.3220789	 3.8035792	 3.8832786	 4.0148784
 0.0104872	 2.9941870	 3.1457871	 3.3159863	 3.7981859	 3.8790881	 4.0098878
 0.0059083	 2.9921080	 3.1431095	 3.3111073	 3.7940089	 3.8762091	 4.0061082
 0.0026300	 2.9912291	 3.1417299	 3.3075290	 3.7912306	 3.8746309	 4.0036292
 0.0006594	 2.9916590	 3.1416592	 3.3052595	 3.7896605	 3.8742581	 4.0024591
 0.0000000	 2.9934006	 3.1429000	 3.3042990	 3.7893993	 3.8751996	 4.0025000
 0.0006552	 2.9963557	 3.1454551	 3.3046554	 3.7903544	 3.8774554	 4.0039558
 0.0026279	 3.0007286	 3.1492266	 3.3062283	 3.7927273	 3.8809276	 4.0065272
 0.0059242	 3.0062253	 3.1543233	 3.3092242	 3.7963246	 3.8857250	 4.0105246
 0.0105394	 3.0131397	 3.1607398	 3.3134393	 3.8012390	 3.8918394	 4.0157383
 0.0164869	 3.0211861	 3.1685876	 3.3189877	 3.8075874	 3.8992871	 4.0222881
 0.0237665	 3.0306666	 3.1776653	 3.3258667	 3.8150678	 3.9081662	 4.0301658
 0.0323825	 3.0413824	 3.1880818	 3.3339812	 3.8239823	 3.9181827	 4.0393823
 0.0423268	 3.0534262	 3.1997256	 3.3435269	 3.8341267	 3.9296278	 4.0498260
 0.0536195	 3.0667190	 3.2128197	 3.3544196	 3.8456208	 3.9423192	 4.0616194
 0.0662595	 3.0813587	 3.2271601	 3.3665587	 3.8584591	 3.9563603	 4.0747598
