 0.1856733	 3.1756734	 3.4172725	 3.5874744	 3.8790745	 4.2093746	 4.3121739
 0.1501039	 3.1427041	 3.3744037	 3.5425048	 3.8529053	 4.1586036	 4.2641049
 0.1183317	 3.1129321	 3.3350315	 3.5012306	 3.8306328	 4.1117320	 4.2198320
 0.0903205	 3.0865207	 3.2989193	 3.4637197	 3.8122215	 4.0685203	 4.1792217
 0.0669066	 3.0642073	 3.2672071	 3.4307068	 3.7986077	 4.0302066	 4.1434060
 0.0464491	 3.0443485	 3.2380501	 3.4005484	 3.7878483	 3.9947501	 4.1104503
 0.0297163	 3.0277169	 3.2122156	 3.3740173	 3.7808168	 3.9632176	 4.0813151
 0.0167030	 3.0143016	 3.1898043	 3.3512033	 3.7775025	 3.9354021	 4.0558016
 0.0074193	 3.0041191	 3.1708189	 3.3319185	 3.7779188	 3.9114180	 4.0342203
 0.0018524	 2.9971530	 3.1551533	 3.3163536	 3.7818536	 3.8913523	 4.0164512
 0.0000000	 2.9934006	 3.1429000	 3.3042990	 3.7893993	 3.8751996	 4.0025000
 0.0018550	 2.9928563	 3.1339556	 3.2958553	 3.8003546	 3.8627558	 3.9924562
 0.0074132	 2.9955122	 3.1285133	 3.2911123	 3.8148120	 3.8542142	 3.9864126
 0.0166731	 3.0014742	 3.1263718	 3.2898742	 3.8324722	 3.8495719	 3.9844724
 0.0296285	 3.0105274	 3.1276290	 3.2921273	 3.8487283	 3.8532291	 3.9867282
 0.0462939	 3.0228950	 3.1321950	 3.2979941	 3.8516944	 3.8766935	 3.9934930
 0.0666398	 3.0384409	 3.1403394	 3.3073385	 3.8587394	 3.9025389	 4.0053408
 0.0898489	 3.0562480	 3.1509491	 3.3195482	 3.8687478	 3.9292496	 4.0217493
 0.1176259	 3.0783246	 3.1658256	 3.3361254	 3.8834256	 3.9580256	 4.0452246
 0.1491203	 3.1036203	 3.1840191	 3.3562210	 3.9021198	 3.9875201	 4.0753204
 0.1843506	 3.1321515	 3.2057502	 3.3798514	 3.9246509	 4.0178499	 4.1118517
