 0.0849976	 3.0866976	 3.2231981	 3.3768963	 3.8786962	 3.9539984	 4.0847981
 0.0688187	 3.0697177	 3.2075189	 3.3619191	 3.8621191	 3.9384198	 4.0689175
 0.0543467	 3.0544466	 3.1935458	 3.3487461	 3.8472480	 3.9245475	 4.0547458
 0.0415880	 3.0408872	 3.1812871	 3.3372873	 3.8340886	 3.9123867	 4.0422885
 0.0305366	 3.0290366	 3.1707373	 3.3274368	 3.8226353	 3.9020355	 4.0315372
 0.0212101	 3.0188106	 3.1619099	 3.3194095	 3.8128093	 3.8933088	 4.0225112
 0.0135669	 3.0103669	 3.1546662	 3.3129658	 3.8047656	 3.8862665	 4.0150662
 0.0076312	 3.0036320	 3.1491314	 3.3082310	 3.7984308	 3.8809303	 4.0094307
 0.0033878	 2.9984891	 3.1453871	 3.3052867	 3.7936878	 3.8771887	 4.0053871
 0.0008480	 2.9950469	 3.1432483	 3.3039479	 3.7906483	 3.8753492	 4.0031476
 0.0000000	 2.9934006	 3.1429000	 3.3042990	 3.7893993	 3.8751996	 4.0025000
 0.0008448	 2.9933461	 3.1441436	 3.3063453	 3.7897449	 3.8766445	 4.0035449
 0.0033820	 2.9950822	 3.1470824	 3.3100814	 3.7917830	 3.8796813	 4.0063830
 0.0076096	 2.9984102	 3.1518090	 3.3155101	 3.7955083	 3.8846093	 4.0108103
 0.0135196	 3.0034198	 3.1580186	 3.3226204	 3.8009206	 3.8911210	 4.0169193
 0.0211204	 3.0101192	 3.1661195	 3.3314206	 3.8080201	 3.8993198	 4.0247208
 0.0303860	 3.0184868	 3.1756870	 3.3418861	 3.8167849	 3.9090859	 4.0341849
 0.0413579	 3.0285577	 3.1870587	 3.3540577	 3.8272585	 3.9206589	 4.0453579
 0.0539979	 3.0402967	 3.2000984	 3.3677968	 3.8393975	 3.9339980	 4.0581990
 0.0683287	 3.0537282	 3.2147299	 3.3833290	 3.8531284	 3.9488282	 4.0726292
 0.0843241	 3.0687244	 3.2311248	 3.4004232	 3.8685246	 3.9654244	 4.0888254
