 0.2860372	 3.3974381	 3.4276374	 3.6664364	 4.1280370	 4.1477381	 4.2824372
 0.2317813	 3.3332818	 3.3744826	 3.6068816	 4.0697801	 4.0961806	 4.2304825
 0.1832679	 3.2737678	 3.3274668	 3.5524669	 4.0169683	 4.0500682	 4.1838667
 0.1404158	 3.2194157	 3.2859149	 3.5031163	 3.9695170	 4.0093164	 4.1425162
 0.1032126	 3.1704134	 3.2496122	 3.4589114	 3.9274128	 3.9739117	 4.1065128
 0.0717429	 3.1269432	 3.2186429	 3.4200427	 3.8907427	 3.9439437	 4.0757422
 0.0459573	 3.0889561	 3.1929581	 3.3862570	 3.8595585	 3.9192576	 4.0502587
 0.0258764	 3.0565773	 3.1724761	 3.3577775	 3.8337757	 3.9000762	 4.0302774
 0.0115190	 3.0299183	 3.1573193	 3.3347186	 3.8135195	 3.8863182	 4.0156186
 0.0028875	 3.0087886	 3.1473872	 3.3167863	 3.7986866	 3.8779888	 4.0062878
 0.0000000	 2.9934006	 3.1429000	 3.3042990	 3.7893993	 3.8751996	 4.0025000
 0.0028725	 2.9837732	 3.1436728	 3.2972730	 3.7855734	 3.8778717	 4.0041735
 0.0115172	 2.9798166	 3.1498171	 3.2955179	 3.7874183	 3.8860161	 4.0112185
 0.0259719	 2.9816724	 3.1613711	 3.2994717	 3.7946729	 3.8997715	 4.0239725
 0.0462362	 2.9893352	 3.1783374	 3.3087371	 3.8076364	 3.9190371	 4.0421361
 0.0723277	 3.0028266	 3.2007269	 3.3236272	 3.8262272	 3.9440281	 4.0659270
 0.1042934	 3.0220923	 3.2286921	 3.3441936	 3.8503937	 3.9745947	 4.0953942
 0.1421602	 3.0473608	 3.2621594	 3.3703601	 3.8802609	 4.0108593	 4.1305595
 0.1859520	 3.0785532	 3.3011533	 3.4022518	 3.9157527	 4.0528519	 4.1713521
 0.2356695	 3.1156695	 3.3456685	 3.4398689	 3.9569698	 4.1005698	 4.2178700
 0.2913939	 3.1588949	 3.3958925	 3.4832928	 4.0039939	 4.1540947	 4.2702928
