 0.0867815	 3.1041809	 3.2275819	 3.3868801	 3.8887808	 3.9672802	 4.0895819
 0.0702820	 3.0853833	 3.2113829	 3.3707819	 3.8709818	 3.9501833	 4.0730809
 0.0555263	 3.0682265	 3.1969255	 3.3565258	 3.8550251	 3.9349259	 4.0583269
 0.0425145	 3.0528139	 3.1841144	 3.3440140	 3.8408153	 3.9213147	 4.0453144
 0.0312335	 3.0392327	 3.1730339	 3.3331322	 3.8283334	 3.9095322	 4.0340325
 0.0216868	 3.0271862	 3.1636868	 3.3239864	 3.8174869	 3.8994858	 4.0244868
 0.0138852	 3.0169847	 3.1560839	 3.3165849	 3.8084854	 3.8911863	 4.0165846
 0.0078107	 3.0085111	 3.1502117	 3.3110093	 3.8011111	 3.8845113	 4.0105110
 0.0034716	 3.0017708	 3.1460728	 3.3070718	 3.7954729	 3.8796704	 4.0061708
 0.0008697	 2.9967693	 3.1435694	 3.3048704	 3.7915708	 3.8764704	 4.0034687
 0.0000000	 2.9934006	 3.1429000	 3.3042990	 3.7893993	 3.8751996	 4.0025000
 0.0008657	 2.9917652	 3.1438660	 3.3055670	 3.7888660	 3.8754663	 4.0032646
 0.0034656	 2.9919665	 3.1465654	 3.3084650	 3.7901667	 3.8775643	 4.0058660
 0.0078041	 2.9938033	 3.1510035	 3.3132053	 3.7932035	 3.8813031	 4.0100049
 0.0138808	 2.9973816	 3.1571805	 3.3195809	 3.7978811	 3.8868814	 4.0159805
 0.0216894	 3.0026905	 3.1650882	 3.3276899	 3.8042894	 3.8941904	 4.0235888
 0.0312413	 3.0097410	 3.1746421	 3.3375404	 3.8124419	 3.9031402	 4.0330420
 0.0425302	 3.0184296	 3.1859294	 3.3491298	 3.8223306	 3.9139296	 4.0442314
 0.0555550	 3.0289550	 3.1990562	 3.3623545	 3.8339553	 3.9264550	 4.0570561
 0.0703433	 3.0411430	 3.2138428	 3.3774432	 3.8472426	 3.9406430	 4.0716441
 0.0868586	 3.0551596	 3.2303574	 3.3941592	 3.8623585	 3.9566596	 4.0879574
