 0.0556600	 3.0520602	 3.2013610	 3.3621613	 3.8478603	 3.9337612	 4.0614589
 0.0450482	 3.0411484	 3.1904492	 3.3512495	 3.8370492	 3.9228495	 4.0504492
 0.0355610	 3.0313605	 3.1806613	 3.3415623	 3.8272613	 3.9130615	 4.0406612
 0.0272002	 3.0226991	 3.1721005	 3.3330016	 3.8187006	 3.9044001	 4.0319998
 0.0199683	 3.0151670	 3.1645684	 3.3255674	 3.8111684	 3.8968680	 4.0243670
 0.0138508	 3.0087505	 3.1581520	 3.3192516	 3.8048500	 3.8904516	 4.0179506
 0.0088540	 3.0034552	 3.1528539	 3.3140543	 3.7995546	 3.8851535	 4.0126552
 0.0049761	 2.9992755	 3.1486770	 3.3098773	 3.7953749	 3.8809766	 4.0084756
 0.0022091	 2.9962088	 3.1456102	 3.3069085	 3.7922103	 3.8779098	 4.0053082
 0.0005505	 2.9942496	 3.1437517	 3.3050500	 3.7902510	 3.8759506	 4.0033517
 0.0000000	 2.9934006	 3.1429000	 3.3042990	 3.7893993	 3.8751996	 4.0025000
 0.0005513	 2.9936509	 3.1431503	 3.3046500	 3.7895517	 3.8753520	 4.0027503
 0.0022020	 2.9950033	 3.1445027	 3.3061031	 3.7908007	 3.8768023	 4.0040020
 0.0049438	 2.9974442	 3.1469436	 3.3085439	 3.7931436	 3.8792432	 4.0064429
 0.0087771	 3.0008783	 3.1504784	 3.3121767	 3.7965777	 3.8826773	 4.0099776
 0.0136957	 3.0054960	 3.1550961	 3.3168951	 3.8010948	 3.8873957	 4.0144947
 0.0196883	 3.0111887	 3.1608894	 3.3226884	 3.8065888	 3.8930884	 4.0201874
 0.0267576	 3.0178582	 3.1676569	 3.3295566	 3.8132583	 3.8998586	 4.0269576
 0.0348970	 3.0256978	 3.1754965	 3.3373962	 3.8208965	 3.9075975	 4.0346965
 0.0440988	 3.0344979	 3.1844001	 3.3463977	 3.8294980	 3.9164983	 4.0434994
 0.0543523	 3.0444519	 3.1943513	 3.3564523	 3.8392533	 3.9264523	 4.0534533
