 0.1932996	 3.1618990	 3.3648988	 3.5403007	 3.9284986	 4.0985997	 4.3466997
 0.1564060	 3.1280072	 3.3303049	 3.4965067	 3.8976055	 4.0597065	 4.2952048
 0.1234170	 3.0980175	 3.2988159	 3.4571182	 3.8705165	 4.0246174	 4.2476175
 0.0942607	 3.0717612	 3.2699609	 3.4219611	 3.8471610	 3.9930603	 4.2036602
 0.0690103	 3.0493091	 3.2440094	 3.3914108	 3.8277102	 3.9652095	 4.1635098
 0.0490614	 3.0325605	 3.2223627	 3.3670621	 3.8141617	 3.9427628	 4.1287609
 0.0314325	 3.0172323	 3.2013338	 3.3453338	 3.8018322	 3.9220331	 4.0959330
 0.0176963	 3.0056974	 3.1827973	 3.3282967	 3.7931953	 3.9048954	 4.0668957
 0.0078667	 2.9978660	 3.1667671	 3.3157659	 3.7881666	 3.8912679	 4.0415674
 0.0019627	 2.9937625	 3.1534635	 3.3078637	 3.7869639	 3.8813630	 4.0201629
 0.0000000	 2.9934006	 3.1429000	 3.3042990	 3.7893993	 3.8751996	 4.0025000
 0.0019914	 2.9968918	 3.1351910	 3.3051915	 3.7955926	 3.8725900	 3.9888915
 0.0079531	 3.0041518	 3.1305542	 3.3104542	 3.8053534	 3.8737519	 3.9792533
 0.0179036	 3.0151044	 3.1290031	 3.3198040	 3.8188040	 3.8785030	 3.9736042
 0.0318602	 3.0299591	 3.1306603	 3.3333607	 3.8356614	 3.8869604	 3.9722599
 0.0498161	 3.0486152	 3.1356155	 3.3510155	 3.8560155	 3.8990150	 3.9753158
 0.0702281	 3.0686292	 3.1418279	 3.3705288	 3.8767289	 3.9129282	 3.9810274
 0.0961780	 3.0946787	 3.1534771	 3.3960776	 3.9024790	 3.9323789	 3.9935773
 0.1262213	 3.1246221	 3.1688216	 3.4256210	 3.9302210	 3.9561208	 4.0120212
 0.1603491	 3.1581493	 3.1878478	 3.4591482	 3.9590488	 3.9841486	 4.0366503
 0.1986524	 3.1950534	 3.2114537	 3.4967516	 3.9886521	 4.0166526	 4.0682536
