 0.1140540	 3.1132532	 3.2585539	 3.4189542	 3.9133527	 3.9904535	 4.1199552
 0.0917387	 3.0904391	 3.2361399	 3.3966381	 3.8900380	 3.9680394	 4.0973398
 0.0719922	 3.0700932	 3.2162919	 3.3767929	 3.8693927	 3.9481914	 4.0772932
 0.0547349	 3.0523350	 3.1988357	 3.3595354	 3.8511338	 3.9308360	 4.0597337
 0.0399416	 3.0369415	 3.1839429	 3.3446426	 3.8353403	 3.9159405	 4.0446422
 0.0275495	 3.0239508	 3.1713495	 3.3322505	 3.8220503	 3.9034505	 4.0318502
 0.0175110	 3.0133111	 3.1611099	 3.3221116	 3.8109099	 3.8932108	 4.0214119
 0.0097863	 3.0050851	 3.1531859	 3.3142856	 3.8021860	 3.8853875	 4.0133872
 0.0043257	 2.9990252	 3.1476266	 3.3088269	 3.7957260	 3.8798255	 4.0076266
 0.0010758	 2.9950768	 3.1441762	 3.3054745	 3.7914755	 3.8764758	 4.0039748
 0.0000000	 2.9934006	 3.1429000	 3.3042990	 3.7893993	 3.8751996	 4.0025000
 0.0010529	 2.9937516	 3.1437517	 3.3052541	 3.7893531	 3.8760540	 4.0031530
 0.0041963	 2.9962959	 3.1465953	 3.3082963	 3.7914973	 3.8789956	 4.0058959
 0.0093803	 3.0007803	 3.1516811	 3.3133794	 3.7955790	 3.8840814	 4.0106797
 0.0165713	 3.0072702	 3.1585710	 3.3204707	 3.8016717	 3.8909713	 4.0174717
 0.0257274	 3.0157275	 3.1674283	 3.3295267	 3.8097262	 3.8998286	 4.0261276
 0.0368103	 3.0261114	 3.1783102	 3.3405092	 3.8197101	 3.9107105	 4.0368108
 0.0497943	 3.0383946	 3.1909934	 3.3532931	 3.8315933	 3.9233937	 4.0492954
 0.0646024	 3.0525037	 3.2055025	 3.3680036	 3.8453024	 3.9381015	 4.0636032
 0.0812337	 3.0683326	 3.2218348	 3.3845345	 3.8607340	 3.9544337	 4.0797341
 0.0996599	 3.0859601	 3.2399603	 3.4027607	 3.8779588	 3.9725593	 4.0976609
