 0.0996582	 3.1063578	 3.2566572	 3.4295585	 3.8895590	 3.9840588	 4.1256588
 0.0805912	 3.0860908	 3.2363902	 3.4080914	 3.8705900	 3.9641917	 4.1043903
 0.0635632	 3.0677639	 3.2180633	 3.3886625	 3.8536645	 3.9463628	 4.0850621
 0.0485819	 3.0515813	 3.2016821	 3.3712826	 3.8387826	 3.9304823	 4.0677828
 0.0356276	 3.0373279	 3.1873280	 3.3558265	 3.8257265	 3.9166289	 4.0525281
 0.0246981	 3.0250991	 3.1750992	 3.3422970	 3.8147984	 3.9047974	 4.0392979
 0.0157793	 3.0147806	 3.1647807	 3.3308791	 3.8058785	 3.8949795	 4.0279780
 0.0088619	 3.0065627	 3.1563615	 3.3213632	 3.7988607	 3.8870610	 4.0186608
 0.0039301	 3.0001299	 3.1498307	 3.3137304	 3.7937314	 3.8811289	 4.0113301
 0.0009805	 2.9957816	 3.1453817	 3.3079807	 3.7905803	 3.8771806	 4.0059803
 0.0000000	 2.9934006	 3.1429000	 3.3042990	 3.7893993	 3.8751996	 4.0025000
 0.0009774	 2.9928781	 3.1422769	 3.3024785	 3.7900769	 3.8750771	 4.0009761
 0.0039031	 2.9944019	 3.1435041	 3.3026037	 3.7927028	 3.8769030	 4.0014033
 0.0087614	 2.9976619	 3.1467613	 3.3045602	 3.7971627	 3.8806609	 4.0037626
 0.0155483	 3.0029490	 3.1519478	 3.3084487	 3.8036472	 3.8863481	 4.0080484
 0.0242544	 3.0100539	 3.1588540	 3.3142556	 3.8118542	 3.8938557	 4.0140539
 0.0348608	 3.0190609	 3.1676596	 3.3218612	 3.8219605	 3.9032600	 4.0220595
 0.0473639	 3.0299645	 3.1783646	 3.3312627	 3.8339634	 3.9145636	 4.0319645
 0.0617436	 3.0427430	 3.1909444	 3.3426426	 3.8478440	 3.9277448	 4.0437443
 0.0780071	 3.0573065	 3.2054073	 3.3558074	 3.8635068	 3.9428063	 4.0573064
 0.0961177	 3.0737177	 3.2216171	 3.3707166	 3.8810174	 3.9596175	 4.0728169
