 0.0329008	 3.0265005	 3.1822014	 3.3553013	 3.8288014	 3.9058015	 4.0476001
 0.0266456	 3.0202446	 3.1753469	 3.3472467	 3.8219469	 3.8997443	 4.0401469
 0.0210516	 3.0147506	 3.1692515	 3.3399513	 3.8156529	 3.8944516	 4.0333522
 0.0161176	 3.0098172	 3.1636188	 3.3332165	 3.8100174	 3.8898175	 4.0271181
 0.0118390	 3.0055396	 3.1587397	 3.3272382	 3.8051384	 3.8857386	 4.0216377
 0.0082230	 3.0019232	 3.1545220	 3.3218231	 3.8008227	 3.8823235	 4.0168240
 0.0052581	 2.9988592	 3.1508593	 3.3169577	 3.7972580	 3.8795588	 4.0125573
 0.0029603	 2.9965598	 3.1478606	 3.3128597	 3.7942593	 3.8774609	 4.0090606
 0.0013154	 2.9949162	 3.1456157	 3.3094147	 3.7920143	 3.8760159	 4.0062143
 0.0003283	 2.9938278	 3.1439286	 3.3065276	 3.7903272	 3.8752295	 4.0040292
 0.0000000	 2.9934006	 3.1429000	 3.3042990	 3.7893993	 3.8751996	 4.0025000
 0.0003290	 2.9936291	 3.1425299	 3.3027289	 3.7890292	 3.8757302	 4.0016292
 0.0013159	 2.9945162	 3.1428156	 3.3018146	 3.7894156	 3.8768159	 4.0014169
 0.0029600	 2.9959612	 3.1436592	 3.3015588	 3.7904606	 3.8785602	 4.0018605
 0.0052604	 2.9981598	 3.1452592	 3.3018608	 3.7920606	 3.8810609	 4.0029598
 0.0082191	 3.0009191	 3.1474198	 3.3028187	 3.7944198	 3.8841195	 4.0047204
 0.0118333	 3.0043341	 3.1502335	 3.3044323	 3.7974321	 3.8879345	 4.0072320
 0.0161051	 3.0084049	 3.1538063	 3.3068051	 3.8011057	 3.8924054	 4.0103042
 0.0210303	 3.0130309	 3.1579316	 3.3096297	 3.8053316	 3.8974313	 4.0140294
 0.0266121	 3.0184133	 3.1627126	 3.3132134	 3.8103113	 3.9031130	 4.0185111
 0.0328552	 3.0243562	 3.1680542	 3.3173550	 3.8159549	 3.9094560	 4.0235561
