 0.0381592	 3.0298584	 3.1802585	 3.3409582	 3.8236585	 3.9123595	 4.0390585
 0.0312384	 3.0231372	 3.1735373	 3.3343376	 3.8173373	 3.9056383	 4.0324379
 0.0249379	 3.0170391	 3.1673386	 3.3282368	 3.8115385	 3.8994368	 4.0263371
 0.0192895	 3.0115887	 3.1618908	 3.3227891	 3.8063901	 3.8939891	 4.0209901
 0.0143116	 3.0068103	 3.1569111	 3.3180108	 3.8018104	 3.8890121	 4.0161111
 0.0100347	 3.0027341	 3.1527342	 3.3139345	 3.7979355	 3.8848351	 4.0119341
 0.0064834	 2.9993843	 3.1492838	 3.3104841	 3.7947845	 3.8813847	 4.0085844
 0.0036767	 2.9966768	 3.1464756	 3.3077766	 3.7922756	 3.8786772	 4.0058769
 0.0016494	 2.9948482	 3.1445490	 3.3058500	 3.7905504	 3.8767506	 4.0040483
 0.0004166	 2.9937162	 3.1433163	 3.3047153	 3.7895163	 3.8755180	 4.0029163
 0.0000000	 2.9934006	 3.1429000	 3.3042990	 3.7893993	 3.8751996	 4.0025000
 0.0004205	 2.9939203	 3.1433218	 3.3047207	 3.7900197	 3.8756214	 4.0029217
 0.0016970	 2.9952972	 3.1444973	 3.3059970	 3.7913966	 3.8767969	 4.0042959
 0.0038473	 2.9975476	 3.1466470	 3.3081467	 3.7937477	 3.8789466	 4.0064483
 0.0068946	 3.0005953	 3.1495940	 3.3110937	 3.7968933	 3.8819943	 4.0094933
 0.0108448	 3.0046443	 3.1534444	 3.3149441	 3.8008444	 3.8858447	 4.0133437
 0.0157173	 3.0095179	 3.1582173	 3.3198176	 3.8058160	 3.8907182	 4.0182173
 0.0215325	 3.0153329	 3.1638337	 3.3254313	 3.8116338	 3.8963320	 4.0239317
 0.0282818	 3.0220814	 3.1704815	 3.3320818	 3.8183822	 3.9029824	 4.0305821
 0.0359915	 3.0297904	 3.1779918	 3.3395922	 3.8260912	 3.9106914	 4.0381904
 0.0446549	 3.0384545	 3.1864546	 3.3480549	 3.8346546	 3.9191542	 4.0467539
