 0.0160267	 3.0030280	 3.1448266	 3.3067262	 3.7830264	 3.8831263	 3.9993271
 0.0129850	 3.0006851	 3.1432864	 3.3050854	 3.7822863	 3.8809847	 3.9982849
 0.0102650	 2.9986660	 3.1419639	 3.3037656	 3.7817638	 3.8791643	 3.9974658
 0.0078637	 2.9969625	 3.1410632	 3.3027642	 3.7816631	 3.8775643	 3.9970631
 0.0057786	 2.9954795	 3.1403775	 3.3020785	 3.7817774	 3.8763778	 3.9968781
 0.0040179	 2.9943176	 3.1400183	 3.3016186	 3.7823189	 3.8754173	 3.9969189
 0.0025735	 2.9935747	 3.1399748	 3.3014744	 3.7830727	 3.8746744	 3.9974740
 0.0014481	 2.9930468	 3.1401489	 3.3017493	 3.7841475	 3.8743479	 3.9982468
 0.0006441	 2.9928454	 3.1408428	 3.3023452	 3.7856441	 3.8743451	 3.9993434
 0.0001617	 2.9929625	 3.1416619	 3.3031615	 3.7873612	 3.8745628	 4.0007611
 0.0000000	 2.9934006	 3.1429000	 3.3042990	 3.7893993	 3.8751996	 4.0025000
 0.0001596	 2.9941598	 3.1443585	 3.3057602	 3.7917585	 3.8759588	 4.0045599
 0.0006410	 2.9952401	 3.1462416	 3.3075398	 3.7944416	 3.8772404	 4.0069409
 0.0014442	 2.9965435	 3.1483450	 3.3097440	 3.7974430	 3.8786445	 4.0096429
 0.0025704	 2.9982714	 3.1507695	 3.3120705	 3.8007710	 3.8803697	 4.0126716
 0.0040194	 3.0002197	 3.1536186	 3.3148189	 3.8044200	 3.8825194	 4.0160186
 0.0057904	 3.0024892	 3.1566907	 3.3178911	 3.8082895	 3.8848896	 4.0195914
 0.0078868	 3.0051858	 3.1600867	 3.3212870	 3.8125862	 3.8875862	 4.0236868
 0.0103023	 3.0081029	 3.1638011	 3.3249034	 3.8172012	 3.8906012	 4.0280025
 0.0130476	 3.0112485	 3.1678474	 3.3288464	 3.8221482	 3.8938476	 4.0325468
 0.0161182	 3.0148187	 3.1722176	 3.3332192	 3.8273184	 3.8975184	 4.0374176
