 0.1389113	 3.1334114	 3.2856102	 3.4468105	 3.9328116	 4.0179125	 4.1453108
 0.1117389	 3.1060394	 3.2580396	 3.4192399	 3.9051376	 3.9903392	 4.1177402
 0.0876972	 3.0819982	 3.2335983	 3.3948966	 3.8806963	 3.9659959	 4.0933969
 0.0666803	 3.0608794	 3.2122809	 3.3735792	 3.8592809	 3.9445805	 4.0719815
 0.0486659	 3.0427648	 3.1938669	 3.3551652	 3.8407663	 3.9261665	 4.0535649
 0.0335648	 3.0275645	 3.1783646	 3.3396656	 3.8252639	 3.9106642	 4.0380653
 0.0213327	 3.0152323	 3.1657331	 3.3271321	 3.8125317	 3.8980327	 4.0254337
 0.0119179	 3.0056185	 3.1559179	 3.3173169	 3.8026186	 3.8882175	 4.0156186
 0.0052646	 2.9988646	 3.1488647	 3.3102637	 3.7955654	 3.8811643	 4.0085654
 0.0013090	 2.9948101	 3.1446089	 3.3060078	 3.7911082	 3.8768078	 4.0042088
 0.0000000	 2.9934006	 3.1429000	 3.3042990	 3.7893993	 3.8751996	 4.0025000
 0.0012862	 2.9945870	 3.1437871	 3.3052867	 3.7901857	 3.8760867	 4.0033870
 0.0051152	 2.9983149	 3.1472157	 3.3087154	 3.7936144	 3.8795153	 4.0068157
 0.0114308	 3.0044321	 3.1531315	 3.3146311	 3.7994322	 3.8853304	 4.0127314
 0.0201937	 3.0130935	 3.1614935	 3.3229932	 3.8076935	 3.8936925	 4.0210935
 0.0313462	 3.0241467	 3.1722475	 3.3338451	 3.8183468	 3.9044464	 4.0317468
 0.0448510	 3.0375511	 3.1853498	 3.3469501	 3.8314518	 3.9175514	 4.0448518
 0.0606451	 3.0531459	 3.2007460	 3.3623463	 3.8467446	 3.9329449	 4.0602453
 0.0786842	 3.0710837	 3.2182837	 3.3799848	 3.8642851	 3.9504854	 4.0777830
 0.0989238	 3.0911249	 3.2381236	 3.3998246	 3.8840242	 3.9703225	 4.0975249
 0.1213346	 3.1134355	 3.2601349	 3.4218359	 3.9059349	 3.9923338	 4.1195335
