 0.0166582	 3.0106580	 3.1618582	 3.3056595	 3.7853584	 3.8970585	 4.0255589
 0.0134921	 3.0073927	 3.1583914	 3.3039915	 3.7841911	 3.8932924	 4.0216922
 0.0106598	 3.0045600	 3.1554608	 3.3027588	 3.7835598	 3.8900597	 4.0182608
 0.0081653	 3.0019640	 3.1526662	 3.3017656	 3.7830645	 3.8869658	 4.0150662
 0.0060000	 2.9998007	 3.1502988	 3.3010989	 3.7829992	 3.8842991	 4.0122988
 0.0041680	 2.9978687	 3.1482688	 3.3008676	 3.7832686	 3.8819671	 4.0098688
 0.0026697	 2.9963693	 3.1465708	 3.3008703	 3.7838700	 3.8799697	 4.0077708
 0.0015027	 2.9951040	 3.1451014	 3.3012023	 3.7847026	 3.8782037	 4.0059041
 0.0006690	 2.9942686	 3.1440701	 3.3019697	 3.7859680	 3.8769683	 4.0044701
 0.0001683	 2.9936672	 3.1432673	 3.3029683	 3.7874673	 3.8758690	 4.0032673
 0.0000000	 2.9934006	 3.1429000	 3.3042990	 3.7893993	 3.8751996	 4.0025000
 0.0001644	 2.9934631	 3.1427639	 3.3059643	 3.7915653	 3.8747642	 4.0020646
 0.0006615	 2.9939611	 3.1430605	 3.3080623	 3.7941613	 3.8747615	 4.0019612
 0.0014902	 2.9946904	 3.1434905	 3.3103889	 3.7969913	 3.8748894	 4.0020891
 0.0026526	 2.9957516	 3.1444538	 3.3130529	 3.8001533	 3.8756513	 4.0027530
 0.0041490	 2.9971503	 3.1456483	 3.3160489	 3.8036499	 3.8765493	 4.0035503
 0.0059764	 2.9988755	 3.1471776	 3.3193768	 3.8075765	 3.8778772	 4.0047775
 0.0081387	 3.0010388	 3.1490389	 3.3231374	 3.8117399	 3.8794391	 4.0063395
 0.0106273	 3.0033273	 3.1512267	 3.3271266	 3.8162270	 3.8813276	 4.0082280
 0.0134546	 3.0060539	 3.1536539	 3.3314559	 3.8209537	 3.8835535	 4.0104538
 0.0166157	 3.0091151	 3.1566145	 3.3361145	 3.8261157	 3.8862148	 4.0131151
