 0.1542740	 3.1506743	 3.2952729	 3.4578747	 3.9452744	 4.0279753	 4.1329732
 0.1269269	 3.1230275	 3.2682275	 3.4305272	 3.9178262	 4.0009271	 4.1079278
 0.1018340	 3.0976338	 3.2434352	 3.4056342	 3.8925332	 3.9760341	 4.0851328
 0.0791951	 3.0746946	 3.2210947	 3.3830950	 3.8697954	 3.9536963	 4.0649964
 0.0590768	 3.0542779	 3.2011759	 3.3630756	 3.8494766	 3.9337776	 4.0471756
 0.0416588	 3.0366585	 3.1839593	 3.3457583	 3.8319579	 3.9165582	 4.0322583
 0.0270761	 3.0217766	 3.1695753	 3.3311757	 3.8171767	 3.9020763	 4.0199751
 0.0154617	 3.0098607	 3.1580622	 3.3196625	 3.8053615	 3.8905604	 4.0107613
 0.0069726	 3.0010715	 3.1496729	 3.3111726	 3.7967736	 3.8821739	 4.0046714
 0.0017674	 2.9954686	 3.1445681	 3.3060677	 3.7913667	 3.8769683	 4.0018687
 0.0000000	 2.9934006	 3.1429000	 3.3042990	 3.7893993	 3.8751996	 4.0025000
 0.0018364	 2.9949353	 3.1447368	 3.3061357	 3.7910374	 3.8769357	 4.0067368
 0.0074549	 3.0002551	 3.1504539	 3.3118556	 3.7964552	 3.8824541	 4.0148539
 0.0170009	 3.0094009	 3.1599017	 3.3213007	 3.8057996	 3.8919019	 4.0267997
 0.0306836	 3.0227834	 3.1736842	 3.3349825	 3.8192829	 3.9054832	 4.0429824
 0.0486655	 3.0403647	 3.1915649	 3.3529666	 3.8369648	 3.9232658	 4.0634644
 0.0711510	 3.0625502	 3.2139517	 3.3753507	 3.8592510	 3.9455519	 4.0884499
 0.0983096	 3.0893099	 3.2410107	 3.4025104	 3.8862093	 3.9724096	 4.1181103
 0.1303655	 3.1209649	 3.2729650	 3.4344647	 3.9180657	 4.0041653	 4.1526661
 0.1675242	 3.1577248	 3.3100242	 3.4715239	 3.9549235	 4.0410231	 4.1923240
 0.2099046	 3.1997038	 3.3522046	 3.5138050	 3.9971039	 4.0831056	 4.2373044
