 0.3281441	 3.1713441	 3.3591435	 3.4929447	 4.0551431	 4.0709448	 4.2054453
 0.2666296	 3.1262303	 3.3100297	 3.4460295	 4.0009299	 4.0225303	 4.1567287
 0.2113922	 3.0871928	 3.2668915	 3.4051934	 3.9527929	 3.9803934	 4.1142925
 0.1623587	 3.0540575	 3.2297588	 3.3704580	 3.9106588	 3.9445587	 4.0780578
 0.1196838	 3.0269849	 3.1987840	 3.3418834	 3.8744839	 3.9150833	 4.0480845
 0.0833798	 3.0058797	 3.1737795	 3.3195809	 3.8444806	 3.8920788	 4.0243806
 0.0535506	 2.9910495	 3.1551506	 3.3036513	 3.8207496	 3.8754499	 4.0070497
 0.0302149	 2.9822140	 3.1426143	 3.2941137	 3.8033152	 3.8654144	 3.9961162
 0.0134860	 2.9796860	 3.1362849	 3.2909872	 3.7921858	 3.8619857	 3.9916861
 0.0033894	 2.9833895	 3.1363883	 3.2943886	 3.7875898	 3.8651885	 3.9937896
 0.0000000	 2.9934006	 3.1429000	 3.3042990	 3.7893993	 3.8751996	 4.0025000
 0.0033987	 3.0097982	 3.1557982	 3.3208979	 3.7977995	 3.8918992	 4.0178989
 0.0136459	 3.0324462	 3.1751455	 3.3442453	 3.8128447	 3.9153446	 4.0399456
 0.0308028	 3.0616032	 3.2012031	 3.3743030	 3.8346029	 3.9458023	 4.0688033
 0.0549749	 3.0973753	 3.2337752	 3.4112751	 3.8632755	 3.9832751	 4.1044747
 0.0861785	 3.1395775	 3.2730793	 3.4551780	 3.8986776	 4.0276787	 4.1470796
 0.1245688	 3.1883675	 3.3190693	 3.5060688	 3.9411682	 4.0792688	 4.1966696
 0.1701696	 3.2439686	 3.3720690	 3.5640699	 3.9906684	 4.1380699	 4.2533700
 0.2230883	 3.3062881	 3.4317871	 3.6291895	 4.0473879	 4.2039895	 4.3170882
 0.2832948	 3.3752935	 3.4984958	 3.7014956	 4.1110952	 4.2771936	 4.3879957
 0.3510369	 3.4513358	 3.5722360	 3.7811379	 4.1822367	 4.3578373	 4.4662366
