 0.1009569	 3.0418559	 3.1541573	 3.4037566	 3.8717573	 3.8770581	 3.9989570
 0.0818138	 3.0282148	 3.1448130	 3.3844148	 3.8592129	 3.8629136	 3.9908127
 0.0646460	 3.0164459	 3.1373461	 3.3670457	 3.8435473	 3.8559448	 3.9845459
 0.0495025	 3.0066035	 3.1318032	 3.3518019	 3.8297021	 3.8511012	 3.9801023
 0.0363717	 2.9988728	 3.1279718	 3.3385717	 3.8179713	 3.8483719	 3.9776723
 0.0252639	 2.9930631	 3.1260643	 3.3275647	 3.8081643	 3.8475637	 3.9770627
 0.0161754	 2.9891746	 3.1258765	 3.3185741	 3.8003764	 3.8489760	 3.9783743
 0.0090932	 2.9872943	 3.1275936	 3.3116923	 3.7945940	 3.8523937	 3.9814928
 0.0040441	 2.9873433	 3.1309433	 3.3070446	 3.7908442	 3.8578442	 3.9866439
 0.0010093	 2.9894086	 3.1361080	 3.3046092	 3.7891082	 3.8655096	 3.9936100
 0.0000000	 2.9934006	 3.1429000	 3.3042990	 3.7893993	 3.8751996	 4.0025000
 0.0010130	 2.9994143	 3.1513138	 3.3063126	 3.7916143	 3.8869141	 4.0133138
 0.0040498	 3.0073491	 3.1614500	 3.3106501	 3.7959491	 3.9007511	 4.0259507
 0.0091048	 3.0173058	 3.1731046	 3.3174040	 3.8023057	 3.9166044	 4.0405061
 0.0161861	 3.0291863	 3.1862858	 3.3264871	 3.8105861	 3.9345857	 4.0569853
 0.0252810	 3.0430804	 3.2008820	 3.3379812	 3.8208802	 3.9545807	 4.0752823
 0.0364080	 3.0590072	 3.2170075	 3.3520087	 3.8333076	 3.9767090	 4.0955085
 0.0495403	 3.0767409	 3.2344391	 3.3685396	 3.8476399	 4.0008401	 4.1175416
 0.0646940	 3.0964937	 3.2533946	 3.3874951	 3.8639939	 4.0270936	 4.1415937
 0.0818799	 3.1182791	 3.2737787	 3.4090792	 3.8823807	 4.0554806	 4.1674800
 0.1010463	 3.1420456	 3.2954471	 3.4331477	 3.9028464	 4.0858458	 4.1951458
