 0.0582482	 3.0435484	 3.1940493	 3.3186475	 3.8408479	 3.9159487	 4.0676495
 0.0471786	 3.0333795	 3.1837797	 3.3119780	 3.8304776	 3.9066777	 4.0559785
 0.0372621	 3.0242610	 3.1745632	 3.3064623	 3.8213618	 3.8985633	 4.0453634
 0.0285295	 3.0164296	 3.1666283	 3.3021302	 3.8133290	 3.8915291	 4.0359292
 0.0209569	 3.0096567	 3.1597575	 3.2988567	 3.8064581	 3.8856569	 4.0276569
 0.0145516	 3.0040511	 3.1540512	 3.2968512	 3.8007519	 3.8810528	 4.0205520
 0.0093086	 2.9996075	 3.1495096	 3.2960077	 3.7961096	 3.8775098	 4.0146090
 0.0052325	 2.9963312	 3.1461327	 3.2963315	 3.7927327	 3.8751316	 4.0098334
 0.0023244	 2.9942251	 3.1439231	 3.2978254	 3.7904252	 3.8740241	 4.0062252
 0.0005793	 2.9931801	 3.1427803	 3.3004785	 3.7893803	 3.8739805	 4.0037789
 0.0000000	 2.9934006	 3.1429000	 3.3042990	 3.7893993	 3.8751996	 4.0025000
 0.0005847	 2.9946849	 3.1440837	 3.3092841	 3.7905857	 3.8774853	 4.0023857
 0.0023349	 2.9972346	 3.1465354	 3.3154339	 3.7929341	 3.8810337	 4.0034360
 0.0052455	 3.0008456	 3.1500457	 3.3227456	 3.7963464	 3.8855454	 4.0056456
 0.0093245	 3.0056239	 3.1546254	 3.3312246	 3.8009233	 3.8913251	 4.0089246
 0.0145620	 3.0115614	 3.1604622	 3.3408629	 3.8067629	 3.8982612	 4.0134607
 0.0209718	 3.0186718	 3.1674719	 3.3515706	 3.8136719	 3.9063730	 4.0191724
 0.0285375	 3.0269386	 3.1755373	 3.3635382	 3.8217373	 3.9157364	 4.0260378
 0.0372658	 3.0363646	 3.1848654	 3.3766650	 3.8308668	 3.9261665	 4.0339645
 0.0471675	 3.0468682	 3.1952683	 3.3909673	 3.8412670	 3.9377668	 4.0431674
 0.0582207	 3.0586208	 3.2068196	 3.4064206	 3.8528209	 3.9505207	 4.0535213
