 0.1898721	 3.2355711	 3.3557721	 3.5428722	 4.0127723	 4.0783708	 4.2012711
 0.1536411	 3.1945418	 3.3187401	 3.5024415	 3.9735416	 4.0424408	 4.1649411
 0.1212931	 3.1572921	 3.2852918	 3.4657932	 3.9381940	 4.0101926	 4.1322929
 0.0927939	 3.1237949	 3.2552940	 3.4327939	 3.9065934	 3.9811934	 4.1031930
 0.0681338	 3.0940338	 3.2288336	 3.4035335	 3.8786337	 3.9558351	 4.0779327
 0.0472780	 3.0679788	 3.2058781	 3.3778786	 3.8544781	 3.9337776	 4.0561772
 0.0302359	 3.0456356	 3.1863348	 3.3558346	 3.8340369	 3.9152357	 4.0382367
 0.0169996	 3.0270992	 3.1702992	 3.3374996	 3.8172992	 3.9001007	 4.0238990
 0.0075546	 3.0121547	 3.1577547	 3.3228544	 3.8043547	 3.8883536	 4.0131559
 0.0018891	 3.0008891	 3.1485899	 3.3117903	 3.7949885	 3.8800895	 4.0059885
 0.0000000	 2.9934006	 3.1429000	 3.3042990	 3.7893993	 3.8751996	 4.0025000
 0.0018844	 2.9895855	 3.1405843	 3.3004839	 3.7874836	 3.8735832	 4.0025843
 0.0075378	 2.9894386	 3.1417381	 3.3003370	 3.7892388	 3.8754390	 4.0062388
 0.0169511	 2.9929516	 3.1463504	 3.3037520	 3.7946511	 3.8806500	 4.0135505
 0.0301216	 3.0001218	 3.1542227	 3.3108215	 3.8037207	 3.8893223	 4.0244215
 0.0470708	 3.0110716	 3.1655698	 3.3215700	 3.8165699	 3.9012708	 4.0387700
 0.0677749	 3.0255753	 3.1803755	 3.3358751	 3.8330736	 3.9166752	 4.0566751
 0.0922428	 3.0438423	 3.1985419	 3.3538428	 3.8532427	 3.9355436	 4.0782429
 0.1204562	 3.0658564	 3.2200552	 3.3754568	 3.8770554	 3.9577562	 4.1032556
 0.1524556	 3.0914568	 3.2449563	 3.4006545	 3.9045552	 3.9832561	 4.1318548
 0.1882582	 3.1207581	 3.2733569	 3.4296592	 3.9357586	 4.0123586	 4.1640595
