 0.0693344	 3.0637339	 3.2168334	 3.3819331	 3.8726335	 3.9506350	 4.0790347
 0.0562293	 3.0505282	 3.2032304	 3.3679301	 3.8581299	 3.9369286	 4.0652304
 0.0444666	 3.0386667	 3.1910669	 3.3553666	 3.8450657	 3.9245665	 4.0527676
 0.0340687	 3.0281686	 3.1801687	 3.3441691	 3.8332695	 3.9135677	 4.0416680
 0.0250519	 3.0190527	 3.1707509	 3.3342506	 3.8228530	 3.9039511	 4.0319509
 0.0174052	 3.0113057	 3.1626065	 3.3258041	 3.8139059	 3.8956054	 4.0236051
 0.0111459	 3.0049464	 3.1559451	 3.3187455	 3.8062459	 3.8887454	 4.0165465
 0.0062684	 2.9999694	 3.1505682	 3.3130692	 3.7998675	 3.8832678	 4.0109681
 0.0027851	 2.9963857	 3.1465844	 3.3087861	 3.7949858	 3.8791861	 4.0067858
 0.0006969	 2.9941979	 3.1440973	 3.3057956	 3.7914973	 3.8764976	 4.0038959
 0.0000000	 2.9934006	 3.1429000	 3.3042990	 3.7893993	 3.8751996	 4.0025000
 0.0006969	 2.9939965	 3.1430959	 3.3041956	 3.7885966	 3.8751969	 4.0024972
 0.0027833	 2.9958822	 3.1446823	 3.3054827	 3.7892823	 3.8766826	 4.0037843
 0.0062634	 2.9992646	 3.1476647	 3.3080623	 3.7912633	 3.8795643	 4.0065626
 0.0111291	 3.0040293	 3.1520294	 3.3121304	 3.7946293	 3.8837304	 4.0106280
 0.0173698	 3.0100703	 3.1577710	 3.3175700	 3.7993696	 3.8892706	 4.0160703
 0.0249972	 3.0175969	 3.1648977	 3.3243973	 3.8054976	 3.8962966	 4.0228976
 0.0339820	 3.0263808	 3.1733822	 3.3325825	 3.8129807	 3.9045825	 4.0311808
 0.0443395	 3.0365388	 3.1832382	 3.3421391	 3.8218407	 3.9143405	 4.0407401
 0.0560589	 3.0480601	 3.1944602	 3.3530591	 3.8320586	 3.9253584	 4.0516601
 0.0691051	 3.0609039	 3.2070046	 3.3653042	 3.8435037	 3.9377042	 4.0639052
