 0.0842306	 3.0817315	 3.2237315	 3.3915306	 3.8841304	 3.9535303	 4.0859301
 0.0678252	 3.0649257	 3.2077257	 3.3748255	 3.8666253	 3.9378239	 4.0696250
 0.0532718	 3.0499731	 3.1935731	 3.3600715	 3.8510712	 3.9238726	 4.0551731
 0.0405416	 3.0368408	 3.1811429	 3.3470426	 3.8373404	 3.9116411	 4.0425415
 0.0296115	 3.0255127	 3.1706121	 3.3358125	 3.8253102	 3.9013116	 4.0317114
 0.0204409	 3.0159398	 3.1617412	 3.3263402	 3.8150406	 3.8927401	 4.0225412
 0.0130079	 3.0081083	 3.1546091	 3.3186067	 3.8066078	 3.8858066	 4.0152077
 0.0072754	 3.0019749	 3.1492756	 3.3125767	 3.7998757	 3.8807752	 4.0095749
 0.0032157	 2.9975149	 3.1455150	 3.3082147	 3.7947164	 3.8772159	 4.0056157
 0.0008002	 2.9946006	 3.1434007	 3.3054010	 3.7912007	 3.8754009	 4.0031993
 0.0000000	 2.9934006	 3.1429000	 3.3042990	 3.7893993	 3.8751996	 4.0025000
 0.0007868	 2.9937870	 3.1439857	 3.3047861	 3.7890864	 3.8764867	 4.0033870
 0.0031308	 2.9956319	 3.1466307	 3.3067317	 3.7903299	 3.8794310	 4.0057299
 0.0070124	 2.9991122	 3.1508131	 3.3103127	 3.7932116	 3.8839127	 4.0097137
 0.0123938	 3.0039940	 3.1564948	 3.3153931	 3.7974947	 3.8897931	 4.0150934
 0.0192627	 3.0103614	 3.1636623	 3.3218639	 3.8032635	 3.8972626	 4.0220622
 0.0275811	 3.0182799	 3.1722801	 3.3298804	 3.8104800	 3.9060818	 4.0303808
 0.0373375	 3.0275373	 3.1822368	 3.3392384	 3.8192366	 3.9163378	 4.0401388
 0.0484950	 3.0381960	 3.1936955	 3.3499951	 3.8292940	 3.9279951	 4.0512954
 0.0610483	 3.0502479	 3.2065475	 3.3622484	 3.8407472	 3.9411491	 4.0639487
 0.0749504	 3.0637502	 3.2207491	 3.3757507	 3.8535502	 3.9556501	 4.0778510
