 0.0137206	 3.0111206	 3.1536213	 3.3096215	 3.7978212	 3.8869195	 4.0135206
 0.0111109	 3.0081110	 3.1512104	 3.3078120	 3.7958103	 3.8844106	 4.0111096
 0.0087766	 3.0053763	 3.1492756	 3.3063779	 3.7939763	 3.8823780	 4.0090770
 0.0067187	 3.0029191	 3.1475178	 3.3052187	 3.7925177	 3.8805194	 4.0073191
 0.0049348	 3.0007340	 3.1460347	 3.3042337	 3.7912361	 3.8789357	 4.0058361
 0.0034265	 2.9988265	 3.1448266	 3.3035262	 3.7902265	 3.8776268	 4.0046252
 0.0021935	 2.9971938	 3.1438932	 3.3031942	 3.7894946	 3.8765928	 4.0035939
 0.0012338	 2.9958333	 3.1432347	 3.3030336	 3.7891326	 3.8758336	 4.0029326
 0.0005488	 2.9947475	 3.1429490	 3.3032486	 3.7889476	 3.8754499	 4.0025489
 0.0001370	 2.9939366	 3.1427367	 3.3036377	 3.7890374	 3.8750363	 4.0023367
 0.0000000	 2.9934006	 3.1429000	 3.3042990	 3.7893993	 3.8751996	 4.0025000
 0.0001366	 2.9931366	 3.1433354	 3.3052378	 3.7900361	 3.8755370	 4.0029353
 0.0005467	 2.9931475	 3.1440456	 3.3065466	 3.7909476	 3.8760459	 4.0035476
 0.0012305	 2.9933298	 3.1449300	 3.3079317	 3.7920307	 3.8768295	 4.0045299
 0.0021859	 2.9938849	 3.1461871	 3.3097848	 3.7935872	 3.8779860	 4.0056864
 0.0034177	 2.9947176	 3.1477164	 3.3118175	 3.7952171	 3.8794174	 4.0072184
 0.0049207	 2.9957217	 3.1495205	 3.3141196	 3.7972199	 3.8811208	 4.0090198
 0.0066952	 2.9970959	 3.1514961	 3.3166965	 3.7994947	 3.8828950	 4.0109954
 0.0087422	 2.9986415	 3.1538417	 3.3195428	 3.8020417	 3.8851426	 4.0132430
 0.0110655	 3.0005653	 3.1564649	 3.3226667	 3.8047656	 3.8875644	 4.0158662
 0.0136515	 3.0026524	 3.1593520	 3.3260518	 3.8078514	 3.8903509	 4.0186526
