 0.1654842	 3.1584840	 3.3089848	 3.4610829	 3.9717837	 4.0462831	 4.1712841
 0.1361240	 3.1292235	 3.2797244	 3.4326252	 3.9407246	 4.0164240	 4.1417244
 0.1092744	 3.1024747	 3.2529755	 3.4066737	 3.9121744	 3.9890739	 4.1146735
 0.0850071	 3.0782076	 3.2287057	 3.3833073	 3.8862066	 3.9643060	 4.0901071
 0.0634241	 3.0566235	 3.2070237	 3.3626239	 3.8629245	 3.9421233	 4.0681230
 0.0447626	 3.0380626	 3.1883621	 3.3448630	 3.8425622	 3.9229638	 4.0491621
 0.0291200	 3.0224188	 3.1726203	 3.3301199	 3.8252204	 3.9068192	 4.0332189
 0.0166417	 3.0099424	 3.1600405	 3.3184407	 3.8110405	 3.8936407	 4.0203425
 0.0075143	 3.0008129	 3.1507151	 3.3102147	 3.8002131	 3.8839154	 4.0108130
 0.0019103	 2.9953108	 3.1450116	 3.3054092	 3.7929096	 3.8777112	 4.0048102
 0.0000000	 2.9934006	 3.1429000	 3.3042990	 3.7893993	 3.8751996	 4.0025000
 0.0019750	 2.9953761	 3.1446742	 3.3070745	 3.7897748	 3.8765738	 4.0040755
 0.0080219	 3.0014225	 3.1504212	 3.3139209	 3.7941232	 3.8818228	 4.0096212
 0.0183420	 3.0117410	 3.1604432	 3.3249415	 3.8027411	 3.8914421	 4.0194418
 0.0331780	 3.0266774	 3.1750775	 3.3405772	 3.8159767	 3.9055784	 4.0338774
 0.0526891	 3.0460900	 3.1941880	 3.3607898	 3.8338900	 3.9242889	 4.0528900
 0.0771325	 3.0706320	 3.2183327	 3.3859332	 3.8567312	 3.9480336	 4.0768333
 0.1067440	 3.1001427	 3.2475442	 3.4162439	 3.8847426	 3.9768450	 4.1058434
 0.1418348	 3.1352345	 3.2822360	 3.4519344	 3.9182344	 4.0111341	 4.1404345
 0.1825276	 3.1759265	 3.3224272	 3.4933284	 3.9573263	 4.0510288	 4.1805278
 0.2291487	 3.2225478	 3.3685478	 3.5405483	 4.0024483	 4.0967494	 4.2265477
