 0.0435911	 2.9945924	 3.1899920	 3.3208925	 3.8197917	 3.9286918	 4.0253902
 0.0352948	 2.9905951	 3.1813960	 3.3155944	 3.8127957	 3.9192957	 4.0191941
 0.0278990	 2.9874984	 3.1737985	 3.3110991	 3.8067983	 3.9109989	 4.0139995
 0.0213576	 2.9851582	 3.1668569	 3.3074582	 3.8016581	 3.9034586	 4.0095586
 0.0156890	 2.9837895	 3.1608894	 3.3045901	 3.7972879	 3.8966884	 4.0058878
 0.0108978	 2.9831990	 3.1556975	 3.3024976	 3.7937967	 3.8908978	 4.0031966
 0.0069762	 2.9834766	 3.1514770	 3.3011751	 3.7911762	 3.8860760	 4.0013761
 0.0039268	 2.9847256	 3.1480266	 3.3008268	 3.7894265	 3.8820269	 4.0004264
 0.0017470	 2.9867474	 3.1454470	 3.3011479	 3.7885476	 3.8788459	 4.0002469
 0.0004389	 2.9896399	 3.1438388	 3.3023397	 3.7885394	 3.8766391	 4.0009380
 0.0000000	 2.9934006	 3.1429000	 3.3042990	 3.7893993	 3.8751996	 4.0025000
 0.0004311	 2.9980319	 3.1428320	 3.3071317	 3.7910320	 3.8746309	 4.0049299
 0.0017293	 3.0035286	 3.1436293	 3.3107290	 3.7936280	 3.8749302	 4.0081300
 0.0038995	 3.0098009	 3.1454007	 3.3150992	 3.7969995	 3.8761003	 4.0122988
 0.0069378	 3.0170391	 3.1479368	 3.3203374	 3.8013370	 3.8782391	 4.0173383
 0.0108391	 3.0250393	 3.1512403	 3.3263402	 3.8064391	 3.8811398	 4.0231398
 0.0156122	 3.0340109	 3.1555125	 3.3332111	 3.8124120	 3.8850120	 4.0298120
 0.0212434	 3.0437444	 3.1606445	 3.3408439	 3.8192421	 3.8896434	 4.0374421
 0.0277479	 3.0543487	 3.1665467	 3.3493474	 3.8269483	 3.8952489	 4.0457470
 0.0351105	 3.0658101	 3.1733115	 3.3585095	 3.8355118	 3.9017117	 4.0550098
 0.0433498	 3.0781505	 3.1809497	 3.3685505	 3.8449487	 3.9089499	 4.0651488
