 0.0652388	 3.0978379	 3.1858396	 3.3909401	 3.8712376	 3.9342374	 4.0725394
 0.0528495	 3.0818485	 3.1760489	 3.3767493	 3.8573489	 3.9226508	 4.0598507
 0.0417604	 3.0670591	 3.1674610	 3.3638593	 3.8446602	 3.9122615	 4.0484600
 0.0319746	 3.0534752	 3.1601738	 3.3520740	 3.8332750	 3.9030749	 4.0382748
 0.0234932	 3.0411919	 3.1540920	 3.3414942	 3.8231932	 3.8952925	 4.0293930
 0.0163136	 3.0301142	 3.1492130	 3.3322124	 3.8144148	 3.8888134	 4.0218146
 0.0104394	 3.0202392	 3.1455395	 3.3241388	 3.8068391	 3.8835399	 4.0154390
 0.0058684	 3.0116676	 3.1430687	 3.3173686	 3.8005696	 3.8794691	 4.0102688
 0.0026069	 3.0043069	 3.1418061	 3.3117059	 3.7955056	 3.8768078	 4.0064075
 0.0006503	 2.9982496	 3.1417517	 3.3073494	 3.7918511	 3.8753492	 4.0038496
 0.0000000	 2.9934006	 3.1429000	 3.3042990	 3.7893993	 3.8751996	 4.0025000
 0.0006563	 2.9898576	 3.1451558	 3.3024568	 3.7882564	 3.8762554	 4.0023557
 0.0026204	 2.9875202	 3.1487205	 3.3019207	 3.7883217	 3.8786201	 4.0036211
 0.0058923	 2.9864916	 3.1534934	 3.3025928	 3.7896932	 3.8822936	 4.0059912
 0.0104707	 2.9866712	 3.1592704	 3.3045711	 3.7923708	 3.8871699	 4.0096702
 0.0163631	 2.9880644	 3.1663644	 3.3077630	 3.7963627	 3.8933632	 4.0145628
 0.0235565	 2.9908563	 3.1745577	 3.3123563	 3.8015574	 3.9007565	 4.0207561
 0.0320665	 2.9948673	 3.1839674	 3.3182666	 3.8081670	 3.9095676	 4.0282664
 0.0418841	 3.0000837	 3.1944846	 3.3253851	 3.8159849	 3.9195841	 4.0369850
 0.0530073	 3.0066063	 3.2062073	 3.3338070	 3.8250082	 3.9308061	 4.0469062
 0.0654447	 3.0144459	 3.2189450	 3.3435460	 3.8353458	 3.9433451	 4.0581445
