 0.0725522	 3.0639516	 3.1989528	 3.3905509	 3.8561516	 3.9282509	 4.0703516
 0.0588048	 3.0505037	 3.1870042	 3.3755058	 3.8430058	 3.9166044	 4.0571051
 0.0464721	 3.0384708	 3.1762721	 3.3617722	 3.8312722	 3.9061716	 4.0452708
 0.0356025	 3.0278012	 3.1671018	 3.3495025	 3.8210026	 3.8972027	 4.0349033
 0.0261626	 3.0186636	 3.1593629	 3.3387622	 3.8121617	 3.8897631	 4.0259616
 0.0181747	 3.0108757	 3.1530743	 3.3293743	 3.8047738	 3.8837739	 4.0184758
 0.0116328	 3.0044321	 3.1481327	 3.3214340	 3.7988335	 3.8791316	 4.0123314
 0.0065478	 2.9995476	 3.1446470	 3.3149468	 3.7942484	 3.8759479	 4.0077490
 0.0029102	 2.9961108	 3.1426116	 3.3100106	 3.7912089	 3.8742091	 4.0045109
 0.0007273	 2.9940264	 3.1420265	 3.3064269	 3.7895272	 3.8740268	 4.0028265
 0.0000000	 2.9934006	 3.1429000	 3.3042990	 3.7893993	 3.8751996	 4.0025000
 0.0007273	 2.9942278	 3.1451286	 3.3036268	 3.7906266	 3.8777275	 4.0036265
 0.0029142	 2.9965135	 3.1489137	 3.3044133	 3.7933150	 3.8818147	 4.0063150
 0.0065578	 3.0001572	 3.1540567	 3.3066582	 3.7974566	 3.8873576	 4.0103586
 0.0116585	 3.0053572	 3.1606582	 3.3103589	 3.8031574	 3.8942584	 4.0158580
 0.0182158	 3.0119152	 3.1686148	 3.3155155	 3.8102160	 3.9027158	 4.0228160
 0.0262502	 3.0199507	 3.1781496	 3.3221496	 3.8186489	 3.9124493	 4.0312515
 0.0357274	 3.0294285	 3.1890288	 3.3302287	 3.8286273	 3.9238264	 4.0411265
 0.0466730	 3.0402722	 3.2013718	 3.3397718	 3.8400724	 3.9364742	 4.0523730
 0.0590726	 3.0526724	 3.2151735	 3.3507733	 3.8529733	 3.9507738	 4.0651733
 0.0729504	 3.0664496	 3.2304500	 3.3632497	 3.8672511	 3.9664503	 4.0794511
