 0.1094157	 3.1030162	 3.2501156	 3.4097159	 3.8983157	 3.9849159	 4.1075169
 0.0883319	 3.0819329	 3.2293316	 3.3891332	 3.8773330	 3.9639332	 4.0870322
 0.0695562	 3.0631570	 3.2107571	 3.3707574	 3.8586551	 3.9450567	 4.0686563
 0.0530902	 3.0467893	 3.1945908	 3.3546890	 3.8422901	 3.9285911	 4.0526914
 0.0388824	 3.0324816	 3.1805823	 3.3408820	 3.8280830	 3.9143813	 4.0388816
 0.0269231	 3.0206228	 3.1689223	 3.3294233	 3.8162243	 3.9024219	 4.0274229
 0.0171817	 3.0107805	 3.1593819	 3.3199809	 3.8065806	 3.8925822	 4.0180812
 0.0096325	 3.0032320	 3.1520321	 3.3128325	 3.7990322	 3.8850338	 4.0110334
 0.0042706	 2.9977707	 3.1468701	 3.3078718	 3.7936715	 3.8795697	 4.0059694
 0.0010655	 2.9945652	 3.1437653	 3.3050663	 3.7904660	 3.8762663	 4.0031666
 0.0000000	 2.9934006	 3.1429000	 3.3042990	 3.7893993	 3.8751996	 4.0025000
 0.0010580	 2.9943584	 3.1441572	 3.3057575	 3.7903572	 3.8761574	 4.0039585
 0.0042236	 2.9974224	 3.1473246	 3.3092242	 3.7935246	 3.8791235	 4.0074225
 0.0094760	 3.0025762	 3.1527750	 3.3147754	 3.7987764	 3.8842773	 4.0129763
 0.0168113	 3.0098118	 3.1602119	 3.3224109	 3.8060119	 3.8915101	 4.0207125
 0.0262067	 3.0191072	 3.1697059	 3.3321063	 3.8153073	 3.9007075	 4.0304080
 0.0376500	 3.0303509	 3.1811511	 3.3438507	 3.8266490	 3.9119513	 4.0420490
 0.0511444	 3.0436437	 3.1947432	 3.3576442	 3.8400452	 3.9252441	 4.0558452
 0.0666520	 3.0589528	 3.2103516	 3.3733506	 3.8553516	 3.9405532	 4.0716523
 0.0841766	 3.0762756	 3.2278758	 3.3911768	 3.8727778	 3.9578760	 4.0893778
 0.1037244	 3.0956256	 3.2474244	 3.4109241	 3.8921251	 3.9772233	 4.1091251
