 0.0089745	 3.0073736	 3.1556757	 3.3162747	 3.8037751	 3.8967755	 4.0129736
 0.0072704	 3.0051695	 3.1536703	 3.3142692	 3.8015710	 3.8938693	 4.0111695
 0.0057422	 3.0031422	 3.1517410	 3.3124433	 3.7995410	 3.8910421	 4.0095423
 0.0043970	 3.0012973	 3.1500974	 3.3107971	 3.7976961	 3.8883971	 4.0079967
 0.0032278	 2.9996265	 3.1485273	 3.3093276	 3.7959273	 3.8860270	 4.0067286
 0.0022412	 2.9981408	 3.1471422	 3.3080405	 3.7944416	 3.8837412	 4.0055422
 0.0014340	 2.9968346	 3.1459341	 3.3069330	 3.7930348	 3.8817330	 4.0046333
 0.0008067	 2.9958060	 3.1449055	 3.3060078	 3.7919055	 3.8798065	 4.0038061
 0.0003579	 2.9948591	 3.1441572	 3.3053575	 3.7908578	 3.8781575	 4.0032592
 0.0000889	 2.9939883	 3.1433898	 3.3046881	 3.7900878	 3.8765901	 4.0027884
 0.0000000	 2.9934006	 3.1429000	 3.3042990	 3.7893993	 3.8751996	 4.0025000
 0.0000906	 2.9929897	 3.1425898	 3.3040894	 3.7888905	 3.8739914	 4.0024918
 0.0003603	 2.9926604	 3.1423612	 3.3040595	 3.7885612	 3.8728594	 4.0024591
 0.0008099	 2.9927094	 3.1424102	 3.3042092	 3.7884088	 3.8721111	 4.0028102
 0.0014392	 2.9927393	 3.1425381	 3.3045384	 3.7884388	 3.8713383	 4.0032401
 0.0022458	 2.9929461	 3.1428456	 3.3050446	 3.7886456	 3.8708458	 4.0037462
 0.0032331	 2.9934332	 3.1433327	 3.3056323	 3.7890320	 3.8704321	 4.0045326
 0.0044001	 2.9940999	 3.1441000	 3.3065004	 3.7896007	 3.8702988	 4.0055014
 0.0057456	 2.9948455	 3.1449463	 3.3075453	 3.7902456	 3.8703451	 4.0066443
 0.0072719	 2.9958714	 3.1459722	 3.3087725	 3.7911708	 3.8705709	 4.0079722
 0.0089719	 2.9969707	 3.1471722	 3.3100732	 3.7922728	 3.8708730	 4.0094715
