 0.0798238	 3.0917235	 3.2319248	 3.4139228	 3.8796242	 3.9609237	 4.0948228
 0.0648332	 3.0749341	 3.2161340	 3.3960340	 3.8636320	 3.9453342	 4.0786320
 0.0513654	 3.0596658	 3.2017664	 3.3796664	 3.8491664	 3.9313666	 4.0639651
 0.0394368	 3.0459376	 3.1889362	 3.3648362	 3.8362356	 3.9188358	 4.0508356
 0.0290518	 3.0337523	 3.1776517	 3.3514509	 3.8248531	 3.9078505	 4.0391510
 0.0202306	 3.0230311	 3.1678311	 3.3397309	 3.8149318	 3.8984300	 4.0291318
 0.0129773	 3.0139778	 3.1596785	 3.3294777	 3.8066786	 3.8905767	 4.0205765
 0.0073211	 3.0064212	 3.1531206	 3.3208217	 3.7999220	 3.8843208	 4.0136213
 0.0032635	 3.0004646	 3.1480647	 3.3137631	 3.7948634	 3.8796623	 4.0083640
 0.0008173	 2.9961163	 3.1446170	 3.3082174	 3.7913177	 3.8765166	 4.0046170
 0.0000000	 2.9934006	 3.1429000	 3.3042990	 3.7893993	 3.8751996	 4.0025000
 0.0008237	 2.9923230	 3.1427231	 3.3020241	 3.7891245	 3.8753248	 4.0020238
 0.0033041	 2.9929053	 3.1442034	 3.3014037	 3.7904034	 3.8772051	 4.0032047
 0.0074519	 2.9950523	 3.1473518	 3.3024513	 3.7934511	 3.8807507	 4.0060510
 0.0132822	 2.9988809	 3.1521818	 3.3050827	 3.7981832	 3.8858828	 4.0104811
 0.0208114	 3.0045110	 3.1586119	 3.3094120	 3.8045125	 3.8927101	 4.0167125
 0.0300540	 3.0117546	 3.1668542	 3.3154529	 3.8125535	 3.9013552	 4.0245548
 0.0410174	 3.0207181	 3.1768163	 3.3232163	 3.8224176	 3.9116166	 4.0342176
 0.0537208	 3.0314203	 3.1884219	 3.3327213	 3.8339199	 3.9236195	 4.0455212
 0.0681937	 3.0437934	 3.2017936	 3.3438943	 3.8470929	 3.9373940	 4.0585935
 0.0844176	 3.0580168	 3.2170184	 3.3568170	 3.8621163	 3.9529181	 4.0734183
