 0.1556117	 3.0742130	 3.1727128	 3.3978109	 3.8565108	 3.8839127	 4.0166118
 0.1257360	 3.0522370	 3.1563370	 3.3743357	 3.8358356	 3.8688348	 4.0014360
 0.0991105	 3.0333115	 3.1431095	 3.3541094	 3.8183114	 3.8570115	 3.9894113
 0.0756941	 3.0175942	 3.1327937	 3.3368928	 3.8038948	 3.8481950	 3.9803934
 0.0554829	 3.0049817	 3.1254820	 3.3228816	 3.7925831	 3.8426820	 3.9744831
 0.0384248	 2.9955258	 3.1213241	 3.3120243	 3.7844251	 3.8404234	 3.9718245
 0.0245324	 2.9890331	 3.1198329	 3.3042337	 3.7793311	 3.8410329	 3.9719334
 0.0137646	 2.9855637	 3.1214656	 3.2995642	 3.7772658	 3.8449650	 3.9751634
 0.0060952	 2.9851963	 3.1257949	 3.2979941	 3.7782943	 3.8519964	 3.9813948
 0.0015167	 2.9878168	 3.1329161	 3.2996159	 3.7823162	 3.8620157	 3.9904181
 0.0000000	 2.9934006	 3.1429000	 3.3042990	 3.7893993	 3.8751996	 4.0025000
 0.0015294	 3.0019286	 3.1555288	 3.3121304	 3.7994294	 3.8913305	 4.0174281
 0.0060825	 3.0134826	 3.1707835	 3.3230830	 3.8123821	 3.9103812	 4.0352815
 0.0136449	 3.0279454	 3.1887458	 3.3372438	 3.8283443	 3.9326456	 4.0559459
 0.0241944	 3.0452954	 3.2092931	 3.3544931	 3.8471936	 3.9577943	 4.0794946
 0.0377157	 3.0656169	 3.2323167	 3.3750160	 3.8690144	 3.9858166	 4.1058162
 0.0541738	 3.0886731	 3.2578736	 3.3985729	 3.8936734	 4.0168730	 4.1349732
 0.0735742	 3.1146736	 3.2857734	 3.4253734	 3.9212739	 4.0507730	 4.1668731
 0.0959024	 3.1435014	 3.3162012	 3.4554012	 3.9518024	 4.0876036	 4.2015024
 0.1211101	 3.1751101	 3.3489093	 3.4885093	 3.9850112	 4.1273105	 4.2389099
 0.1492127	 3.2096115	 3.3841127	 3.5248120	 4.0212132	 4.1700133	 4.2790140
