 0.0905238	 3.0994243	 3.2285234	 3.3877237	 3.8923237	 3.9436226	 4.0767245
 0.0732860	 3.0805859	 3.2119870	 3.3712853	 3.8738853	 3.9285856	 4.0610861
 0.0578303	 3.0636305	 3.1971296	 3.3566292	 3.8572292	 3.9154316	 4.0472301
 0.0442302	 3.0485309	 3.1841307	 3.3438290	 3.8424289	 3.9040301	 4.0352298
 0.0324238	 3.0352245	 3.1729251	 3.3327240	 3.8294246	 3.8945251	 4.0251235
 0.0224810	 3.0237821	 3.1634800	 3.3235810	 3.8181808	 3.8867808	 4.0167805
 0.0143368	 3.0140377	 3.1558363	 3.3161359	 3.8088364	 3.8808378	 4.0102362
 0.0080459	 3.0061464	 3.1499450	 3.3104460	 3.8012472	 3.8767452	 4.0055449
 0.0035581	 3.0001572	 3.1458579	 3.3066582	 3.7954593	 3.8744567	 4.0027585
 0.0008857	 2.9958850	 3.1434850	 3.3046854	 3.7915844	 3.8739860	 4.0017870
 0.0000000	 2.9934006	 3.1429000	 3.3042990	 3.7893993	 3.8751996	 4.0025000
 0.0008853	 2.9926849	 3.1439857	 3.3057847	 3.7889857	 3.8781847	 4.0050850
 0.0035200	 2.9937189	 3.1468212	 3.3089195	 3.7903191	 3.8829195	 4.0094198
 0.0078699	 2.9963693	 3.1512702	 3.3137685	 3.7933695	 3.8892706	 4.0153709
 0.0139113	 3.0008102	 3.1574118	 3.3202122	 3.7981124	 3.8974122	 4.0231126
 0.0216058	 3.0068049	 3.1651045	 3.3283049	 3.8044064	 3.9071049	 4.0325060
 0.0309063	 3.0145057	 3.1745060	 3.3380057	 3.8124066	 3.9185065	 4.0436055
 0.0417608	 3.0236596	 3.1852600	 3.3491597	 3.8218598	 3.9313612	 4.0561608
 0.0541686	 3.0343673	 3.1975677	 3.3617694	 3.8329675	 3.9457696	 4.0702699
 0.0680136	 3.0465145	 3.2113149	 3.3759139	 3.8455147	 3.9617128	 4.0859138
 0.0833093	 3.0601093	 3.2264091	 3.3914081	 3.8594088	 3.9789104	 4.1029100
