 0.4755926	 3.3942925	 3.6234914	 3.8126923	 4.2990933	 4.7182931	 4.8101915
 0.3804035	 3.3084024	 3.5437021	 3.7084046	 4.2018044	 4.6034039	 4.6979036
 0.2969872	 3.2339874	 3.4747866	 3.6151865	 4.1160885	 4.4992876	 4.5867886
 0.2245769	 3.1701767	 3.4155773	 3.5323768	 4.0410776	 4.4050763	 4.4760763
 0.1629935	 3.1168941	 3.3653940	 3.4602938	 3.9767933	 4.3205931	 4.3677940
 0.1118672	 3.0734674	 3.3223673	 3.3997674	 3.9225665	 4.2453671	 4.2644668
 0.0707358	 3.0397361	 3.2833353	 3.3525366	 3.8780350	 4.1664350	 4.1805360
 0.0393142	 3.0152132	 3.2454135	 3.3210149	 3.8429133	 4.0787136	 4.1230138
 0.0172711	 2.9994714	 3.2082699	 3.3041711	 3.8167713	 4.0001707	 4.0743707
 0.0042698	 2.9923692	 3.1737686	 3.2992703	 3.7990702	 3.9321694	 4.0342693
 0.0000000	 2.9934006	 3.1429000	 3.3042990	 3.7893993	 3.8751996	 4.0025000
 0.0041834	 3.0022824	 3.1158845	 3.3181822	 3.7872823	 3.8295824	 3.9789839
 0.0165378	 3.0185385	 3.0926378	 3.3401391	 3.7920388	 3.7957369	 3.9639387
 0.0367797	 3.0420790	 3.0729803	 3.3697805	 3.7736793	 3.8030785	 3.9576801
 0.0646793	 3.0725803	 3.0568793	 3.4066791	 3.7632791	 3.8194788	 3.9606788
 0.1000062	 3.1093075	 3.0444056	 3.4504051	 3.7641063	 3.8403064	 3.9734055
 0.1425040	 3.1523043	 3.0356027	 3.5007027	 3.7759052	 3.8647041	 3.9964046
 0.1920014	 3.2011025	 3.0309006	 3.5573024	 3.7983002	 3.8927020	 4.0298012
 0.2482663	 3.2554654	 3.0303672	 3.6198669	 3.8305674	 3.9244658	 4.0729666
 0.3111417	 3.3150420	 3.0343428	 3.6880423	 3.8724403	 3.9608420	 4.1250411
 0.3803059	 3.3792065	 3.0432056	 3.7614070	 3.9233066	 4.0024047	 4.1851048
