 0.0641434	 3.0583433	 3.2096441	 3.3757425	 3.8562441	 3.9421423	 4.0696441
 0.0518371	 3.0459376	 3.1971378	 3.3627382	 3.8437378	 3.9295380	 4.0570370
 0.0408693	 3.0348680	 3.1858695	 3.3510699	 3.8324695	 3.9182698	 4.0457688
 0.0312212	 3.0252216	 3.1759210	 3.3407214	 3.8226217	 3.9083213	 4.0358203
 0.0228910	 3.0166908	 3.1673903	 3.3315920	 3.8139903	 3.8996898	 4.0271916
 0.0158611	 3.0096621	 3.1600622	 3.3238612	 3.8066622	 3.8924598	 4.0198608
 0.0101238	 3.0038225	 3.1541247	 3.3174230	 3.8007247	 3.8864243	 4.0138226
 0.0056830	 2.9992837	 3.1493817	 3.3122828	 3.7959818	 3.8816841	 4.0090824
 0.0025194	 2.9961190	 3.1460184	 3.3083181	 3.7925205	 3.8783207	 4.0057191
 0.0006284	 2.9941271	 3.1437272	 3.3056296	 3.7903272	 3.8760295	 4.0034279
 0.0000000	 2.9934006	 3.1429000	 3.3042990	 3.7893993	 3.8751996	 4.0025000
 0.0006263	 2.9939257	 3.1432265	 3.3042255	 3.7897259	 3.8755261	 4.0028265
 0.0024958	 2.9956945	 3.1447966	 3.3052949	 3.7911953	 3.8769955	 4.0043966
 0.0056037	 2.9988047	 3.1477028	 3.3076024	 3.7940035	 3.8799044	 4.0072048
 0.0099325	 3.0030334	 3.1516321	 3.3111318	 3.7980335	 3.8838338	 4.0111314
 0.0154909	 3.0084920	 3.1568921	 3.3158910	 3.8031901	 3.8890910	 4.0163914
 0.0222412	 3.0151425	 3.1634419	 3.3218422	 3.8096419	 3.8955401	 4.0228405
 0.0301979	 3.0230991	 3.1710992	 3.3289988	 3.8171985	 3.9031974	 4.0303971
 0.0393372	 3.0321360	 3.1799374	 3.3373363	 3.8260367	 3.9119377	 4.0392381
 0.0496496	 3.0423484	 3.1898505	 3.3467488	 3.8359499	 3.9219488	 4.0491485
 0.0611370	 3.0537364	 3.2011378	 3.3574374	 3.8470358	 3.9332361	 4.0604357
