 0.0892114	 3.0845125	 3.2316119	 3.3881101	 3.8752105	 3.9608121	 4.0944119
 0.0722413	 3.0674401	 3.2147408	 3.3717424	 3.8586414	 3.9442403	 4.0772415
 0.0570514	 3.0520520	 3.1995514	 3.3570510	 3.8438521	 3.9294510	 4.0617528
 0.0436657	 3.0384654	 3.1862668	 3.3441664	 3.8307661	 3.9163650	 4.0481661
 0.0320619	 3.0266611	 3.1747618	 3.3331621	 3.8195632	 3.9051621	 4.0362611
 0.0222628	 3.0167615	 3.1650637	 3.3238640	 3.8100637	 3.8957632	 4.0261630
 0.0142445	 3.0084457	 3.1570445	 3.3164434	 3.8023438	 3.8879454	 4.0178445
 0.0080098	 3.0020102	 3.1508103	 3.3107100	 3.7965097	 3.8821086	 4.0114090
 0.0035584	 2.9973571	 3.1463586	 3.3068596	 3.7923572	 3.8779588	 4.0066579
 0.0008895	 2.9944890	 3.1437898	 3.3046908	 3.7899898	 3.8756894	 4.0036891
 0.0000000	 2.9934006	 3.1429000	 3.3042990	 3.7893993	 3.8751996	 4.0025000
 0.0008871	 2.9940863	 3.1437871	 3.3057874	 3.7905857	 3.8763860	 4.0030877
 0.0035508	 2.9965516	 3.1464511	 3.3089521	 3.7935518	 3.8794500	 4.0055504
 0.0079910	 3.0006905	 3.1508920	 3.3138910	 3.7981913	 3.8841902	 4.0095912
 0.0141983	 3.0066988	 3.1570989	 3.3205986	 3.8046976	 3.8906992	 4.0154988
 0.0221744	 3.0143751	 3.1649739	 3.3291756	 3.8129753	 3.8988735	 4.0231752
 0.0319250	 3.0239263	 3.1747237	 3.3394262	 3.8230244	 3.9090261	 4.0325250
 0.0434201	 3.0351211	 3.1861199	 3.3514210	 3.8347199	 3.9208195	 4.0437198
 0.0567108	 3.0481118	 3.1994099	 3.3652117	 3.8483120	 3.9344116	 4.0567105
 0.0717560	 3.0628549	 3.2143571	 3.3807548	 3.8635558	 3.9497561	 4.0713557
 0.0885319	 3.0794321	 3.2311330	 3.3980314	 3.8806310	 3.9668313	 4.0878322
