 0.1328309	 3.1188315	 3.2750304	 3.4364321	 3.9315299	 4.0069300	 4.1346303
 0.1073315	 3.0940310	 3.2496313	 3.4110302	 3.9052328	 3.9816315	 4.1092312
 0.0846083	 3.0721095	 3.2270077	 3.3884094	 3.8816079	 3.9590080	 4.0866077
 0.0646406	 3.0529418	 3.2071407	 3.3685396	 3.8607394	 3.9391409	 4.0667406
 0.0473716	 3.0363728	 3.1899703	 3.3513720	 3.8424724	 3.9219705	 4.0495702
 0.0328242	 3.0225249	 3.1754231	 3.3368248	 3.8270245	 3.9075240	 4.0350230
 0.0209621	 3.0114608	 3.1636623	 3.3250613	 3.8142624	 3.8957632	 4.0232623
 0.0117638	 3.0029626	 3.1544648	 3.3159645	 3.8040635	 3.8866637	 4.0141628
 0.0052145	 2.9971149	 3.1480157	 3.3094147	 3.7965151	 3.8802146	 4.0076157
 0.0013005	 2.9939992	 3.1442007	 3.3055017	 3.7917014	 3.8763996	 4.0038007
 0.0000000	 2.9934006	 3.1429000	 3.3042990	 3.7893993	 3.8751996	 4.0025000
 0.0013026	 2.9954033	 3.1442034	 3.3056024	 3.7897014	 3.8766037	 4.0039013
 0.0051898	 3.0000891	 3.1480892	 3.3095889	 3.7925885	 3.8804895	 4.0077899
 0.0116541	 3.0072539	 3.1546553	 3.3160543	 3.7980553	 3.8869549	 4.0142553
 0.0206881	 3.0169874	 3.1635888	 3.3250885	 3.8059874	 3.8959891	 4.0232867
 0.0322638	 3.0292625	 3.1751645	 3.3366642	 3.8165645	 3.9076628	 4.0348625
 0.0463948	 3.0440954	 3.1892954	 3.3507951	 3.8295960	 3.9217937	 4.0488954
 0.0630563	 3.0614563	 3.2059570	 3.3674566	 3.8451555	 3.9384552	 4.0655569
 0.0822427	 3.0813424	 3.2250430	 3.3866434	 3.8632429	 3.9576420	 4.0846430
 0.1039683	 3.1037673	 3.2467686	 3.4083690	 3.8838691	 3.9792696	 4.1063686
 0.1281867	 3.1286875	 3.2708861	 3.4325871	 3.9069879	 4.0034877	 4.1304861
