 0.0745294	 3.0034307	 3.1909281	 3.3691301	 3.8016281	 3.9281285	 4.0283290
 0.0603319	 2.9958305	 3.1802313	 3.3555326	 3.7937314	 3.9164330	 4.0192322
 0.0476454	 2.9897461	 3.1708461	 3.3435460	 3.7873449	 3.9062451	 4.0115450
 0.0364506	 2.9850494	 3.1627507	 3.3330505	 3.7823516	 3.8973497	 4.0053517
 0.0267633	 2.9818629	 3.1560621	 3.3241633	 3.7789637	 3.8899645	 4.0006632
 0.0185703	 2.9801704	 3.1505709	 3.3168706	 3.7769692	 3.8838691	 3.9972699
 0.0118757	 2.9798765	 3.1464756	 3.3111753	 3.7765746	 3.8793765	 3.9954767
 0.0066681	 2.9810684	 3.1435694	 3.3070691	 3.7774671	 3.8760676	 3.9950685
 0.0029611	 2.9837623	 3.1420619	 3.3045602	 3.7800604	 3.8744622	 3.9961624
 0.0007375	 2.9878386	 3.1418387	 3.3036377	 3.7839380	 3.8740377	 3.9986387
 0.0000000	 2.9934006	 3.1429000	 3.3042990	 3.7893993	 3.8751996	 4.0025000
 0.0007445	 3.0004456	 3.1451449	 3.3065439	 3.7962457	 3.8775452	 4.0078443
 0.0029669	 3.0088675	 3.1488675	 3.3103671	 3.8045670	 3.8815671	 4.0146662
 0.0066683	 3.0187670	 3.1537682	 3.3157686	 3.8143685	 3.8867671	 4.0228677
 0.0118385	 3.0300380	 3.1599398	 3.3227374	 3.8256395	 3.8935373	 4.0324379
 0.0184842	 3.0427838	 3.1673848	 3.3313852	 3.8383853	 3.9016844	 4.0434830
 0.0265935	 3.0568929	 3.1761931	 3.3413935	 3.8524944	 3.9110941	 4.0558942
 0.0361767	 3.0724769	 3.1862777	 3.3530754	 3.8681763	 3.9219760	 4.0697774
 0.0472137	 3.0894133	 3.1976140	 3.3663137	 3.8852134	 3.9343136	 4.0851138
 0.0597072	 3.1078082	 3.2102074	 3.3810079	 3.9037062	 3.9480064	 4.1018080
 0.0736577	 3.1274575	 3.2241587	 3.3972586	 3.9235570	 3.9629563	 4.1197566
