 0.0704127	 3.0755137	 3.1967133	 3.3869128	 3.8996137	 3.9313122	 4.0497117
 0.0572126	 3.0612114	 3.1853117	 3.3726132	 3.8826120	 3.9196113	 4.0389115
 0.0453592	 3.0482587	 3.1751591	 3.3595599	 3.8668593	 3.9092601	 4.0293603
 0.0348400	 3.0366395	 3.1663399	 3.3478399	 3.8524400	 3.9001388	 4.0210391
 0.0256822	 3.0263835	 3.1588812	 3.3375812	 3.8393812	 3.8924815	 4.0142825
 0.0178914	 3.0173901	 3.1526907	 3.3284926	 3.8275905	 3.8859916	 4.0087912
 0.0114899	 3.0098907	 3.1479885	 3.3208898	 3.8171903	 3.8809902	 4.0046905
 0.0064835	 3.0035831	 3.1445844	 3.3145849	 3.8080827	 3.8773847	 4.0019829
 0.0028908	 2.9987911	 3.1425898	 3.3097902	 3.8004907	 3.8752921	 4.0007911
 0.0007238	 2.9954251	 3.1420238	 3.3063235	 3.7942239	 3.8745247	 4.0009244
 0.0000000	 2.9934006	 3.1429000	 3.3042990	 3.7893993	 3.8751996	 4.0025000
 0.0007324	 2.9928318	 3.1451313	 3.3037330	 3.7860333	 3.8772323	 4.0055313
 0.0029383	 2.9937380	 3.1489382	 3.3046391	 3.7840387	 3.8808378	 4.0100375
 0.0066321	 2.9960319	 3.1540322	 3.3069330	 3.7835325	 3.8858311	 4.0160322
 0.0118264	 2.9998252	 3.1607262	 3.3107263	 3.7846264	 3.8923264	 4.0234255
 0.0185457	 3.0052457	 3.1689467	 3.3161468	 3.7871462	 3.9004463	 4.0324461
 0.0267962	 3.0119968	 3.1785959	 3.3229959	 3.7911953	 3.9099975	 4.0428953
 0.0366076	 3.0204079	 3.1899077	 3.3314070	 3.7968063	 3.9211079	 4.0550071
 0.0479696	 3.0302693	 3.2026698	 3.3413691	 3.8039683	 3.9337694	 4.0685692
 0.0609432	 3.0417443	 3.2169422	 3.3528441	 3.8126433	 3.9480445	 4.0836443
 0.0754991	 3.0548004	 3.2328990	 3.3659981	 3.8230000	 3.9638979	 4.1003984
