 0.1013698	 3.0797695	 3.2039705	 3.3887686	 3.9048709	 3.9358701	 4.0499702
 0.0821375	 3.0621366	 3.1890369	 3.3711383	 3.8843372	 3.9204385	 4.0363373
 0.0649418	 3.0465417	 3.1762421	 3.3556414	 3.8658416	 3.9072410	 4.0248405
 0.0497435	 3.0328435	 3.1652433	 3.3420439	 3.8492426	 3.8958422	 4.0150444
 0.0365678	 3.0211671	 3.1561683	 3.3304682	 3.8347689	 3.8866665	 4.0073681
 0.0254092	 3.0115097	 3.1491096	 3.3210095	 3.8222081	 3.8795099	 4.0016101
 0.0162711	 3.0038715	 3.1439721	 3.3135699	 3.8116718	 3.8744703	 3.9978713
 0.0091541	 2.9982551	 3.1407530	 3.3081548	 3.8030540	 3.8714553	 3.9959529
 0.0040735	 2.9945734	 3.1395748	 3.3048731	 3.7964743	 3.8706743	 3.9961733
 0.0010178	 2.9930169	 3.1402169	 3.3036187	 3.7919191	 3.8718172	 3.9983176
 0.0000000	 2.9934006	 3.1429000	 3.3042990	 3.7893993	 3.8751996	 4.0025000
 0.0010219	 2.9958224	 3.1475232	 3.3071208	 3.7888224	 3.8805221	 4.0086225
 0.0040860	 3.0002850	 3.1539859	 3.3119862	 3.7902864	 3.8879862	 4.0166853
 0.0091995	 3.0066988	 3.1625004	 3.3189986	 3.7937994	 3.8974993	 4.0267997
 0.0163581	 3.0152568	 3.1730584	 3.3280572	 3.7993587	 3.9092574	 4.0389578
 0.0255726	 3.0257712	 3.1854722	 3.3391731	 3.8068718	 3.9230726	 4.0530723
 0.0368426	 3.0383429	 3.1999433	 3.3524414	 3.8164420	 3.9390430	 4.0692414
 0.0501912	 3.0529908	 3.2162919	 3.3676906	 3.8280912	 3.9569916	 4.0872907
 0.0656024	 3.0696034	 3.2347031	 3.3851032	 3.8418030	 3.9772015	 4.1075033
 0.0830671	 3.0882677	 3.2549674	 3.4045675	 3.8574659	 3.9994659	 4.1295663
 0.1026348	 3.1091361	 3.2773352	 3.4261353	 3.8752350	 4.0239344	 4.1538362
