 0.0936068	 3.0779056	 3.2310078	 3.3759058	 3.8458058	 3.9730055	 4.0855056
 0.0759836	 3.0613828	 3.2140823	 3.3605830	 3.8321838	 3.9550841	 4.0689828
 0.0601704	 3.0465716	 3.1988711	 3.3470698	 3.8201700	 3.9388715	 4.0542696
 0.0461802	 3.0335809	 3.1854804	 3.3353798	 3.8099793	 3.9244794	 4.0414803
 0.0339977	 3.0223970	 3.1737985	 3.3254966	 3.8015982	 3.9118969	 4.0302964
 0.0236589	 3.0129601	 3.1640596	 3.3173577	 3.7949586	 3.9011593	 4.0210581
 0.0151719	 3.0053709	 3.1560730	 3.3110719	 3.7902728	 3.8921713	 4.0136730
 0.0085568	 2.9996565	 3.1499559	 3.3065575	 3.7872578	 3.8850556	 4.0079558
 0.0038115	 2.9957108	 3.1457109	 3.3040105	 3.7861122	 3.8799126	 4.0043122
 0.0009550	 2.9936536	 3.1433544	 3.3032541	 3.7868551	 3.8765547	 4.0024537
 0.0000000	 2.9934006	 3.1429000	 3.3042990	 3.7893993	 3.8751996	 4.0025000
 0.0009587	 2.9950577	 3.1442578	 3.3073575	 3.7937586	 3.8755588	 4.0044592
 0.0038428	 2.9986415	 3.1476429	 3.3122420	 3.8001424	 3.8779425	 4.0083422
 0.0086636	 3.0040647	 3.1528648	 3.3189632	 3.8083629	 3.8822637	 4.0140648
 0.0154345	 3.0114336	 3.1600350	 3.3276355	 3.8184339	 3.8885332	 4.0217357
 0.0241716	 3.0206718	 3.1690719	 3.3382724	 3.8304722	 3.8966721	 4.0314719
 0.0348882	 3.0318884	 3.1801878	 3.3508876	 3.8444888	 3.9067893	 4.0430885
 0.0475869	 3.0450859	 3.1931867	 3.3653858	 3.8603857	 3.9188875	 4.0565881
 0.0622853	 3.0601855	 3.2081856	 3.3818841	 3.8782854	 3.9329857	 4.0721856
 0.0790088	 3.0773096	 3.2252090	 3.4004096	 3.8981089	 3.9491085	 4.0898077
 0.0977484	 3.0964474	 3.2442489	 3.4209488	 3.9199487	 3.9672476	 4.1093482
