 0.0672803	 3.0716796	 3.1855811	 3.3910816	 3.8492807	 3.9089798	 4.0615813
 0.0544554	 3.0579542	 3.1755564	 3.3763548	 3.8372560	 3.8995565	 4.0497553
 0.0429912	 3.0454913	 3.1667916	 3.3628906	 3.8265919	 3.8914910	 4.0391918
 0.0328882	 3.0343891	 3.1591887	 3.3508876	 3.8172883	 3.8846882	 4.0298882
 0.0241429	 3.0246420	 3.1529437	 3.3401418	 3.8093426	 3.8793439	 4.0219425
 0.0167537	 3.0161547	 3.1481545	 3.3307539	 3.8026540	 3.8753547	 4.0154526
 0.0107081	 3.0089083	 3.1445082	 3.3228082	 3.7973070	 3.8727070	 4.0102089
 0.0060159	 3.0031150	 3.1422170	 3.3161169	 3.7934157	 3.8713165	 4.0063150
 0.0026685	 2.9985680	 3.1410687	 3.3108678	 3.7906674	 3.8712675	 4.0036673
 0.0006642	 2.9953652	 3.1413653	 3.3068650	 3.7893639	 3.8724648	 4.0024646
 0.0000000	 2.9934006	 3.1429000	 3.3042990	 3.7893993	 3.8751996	 4.0025000
 0.0006740	 2.9927747	 3.1456728	 3.3030745	 3.7906728	 3.8789738	 4.0038741
 0.0026826	 2.9934822	 3.1496838	 3.3031833	 3.7932824	 3.8842827	 4.0065817
 0.0060269	 2.9954278	 3.1550281	 3.3046282	 3.7972280	 3.8907264	 4.0106280
 0.0106936	 2.9986932	 3.1615942	 3.3072949	 3.8024934	 3.8985932	 4.0159941
 0.0166866	 3.0032865	 3.1693876	 3.3113875	 3.8090868	 3.9076873	 4.0226854
 0.0240158	 3.0091151	 3.1785170	 3.3169169	 3.8169155	 3.9180167	 4.0306148
 0.0326508	 3.0162500	 3.1888519	 3.3236517	 3.8261510	 3.9297503	 4.0400517
 0.0426086	 3.0247073	 3.2004086	 3.3318097	 3.8366084	 3.9426077	 4.0506097
 0.0538696	 3.0343700	 3.2131707	 3.3411704	 3.8483691	 3.9567685	 4.0624684
 0.0664507	 3.0453498	 3.2271519	 3.3519516	 3.8615503	 3.9721511	 4.0757503
