 0.0337180	 3.0329170	 3.1566173	 3.3363186	 3.7977178	 3.8832188	 4.0149192
 0.0272881	 3.0263889	 3.1521872	 3.3302886	 3.7940878	 3.8795888	 4.0105872
 0.0215349	 3.0203344	 3.1484348	 3.3248354	 3.7910347	 3.8764350	 4.0069354
 0.0164754	 3.0149765	 3.1453762	 3.3199755	 3.7886755	 3.8739751	 4.0039748
 0.0120873	 3.0101873	 3.1430878	 3.3158883	 3.7868877	 3.8722880	 4.0017870
 0.0083826	 3.0058824	 3.1412836	 3.3122828	 3.7857829	 3.8710825	 4.0000836
 0.0053554	 3.0021545	 3.1402550	 3.3094555	 3.7852550	 3.8706553	 3.9992564
 0.0030071	 2.9991068	 3.1399067	 3.3072079	 3.7853067	 3.8708077	 3.9990060
 0.0013306	 2.9966306	 3.1402306	 3.3056296	 3.7860305	 3.8716294	 3.9995312
 0.0003292	 2.9947285	 3.1412292	 3.3046282	 3.7874292	 3.8730281	 4.0006305
 0.0000000	 2.9934006	 3.1429000	 3.3042990	 3.7893993	 3.8751996	 4.0025000
 0.0003419	 2.9926414	 3.1452429	 3.3046418	 3.7919409	 3.8779425	 4.0050415
 0.0013533	 2.9925543	 3.1481545	 3.3055534	 3.7951545	 3.8812541	 4.0082524
 0.0030332	 2.9929325	 3.1518335	 3.3071344	 3.7989342	 3.8852324	 4.0122335
 0.0053801	 2.9940808	 3.1560812	 3.3093793	 3.8033805	 3.8898801	 4.0167805
 0.0083911	 2.9956918	 3.1609901	 3.3121903	 3.8083902	 3.8950911	 4.0220922
 0.0120699	 2.9978687	 3.1665712	 3.3156706	 3.8140692	 3.9009688	 4.0280705
 0.0164043	 3.0007041	 3.1728053	 3.3197033	 3.8203033	 3.9075050	 4.0347046
 0.0214050	 3.0041055	 3.1796054	 3.3245062	 3.8271062	 3.9145037	 4.0420055
 0.0270627	 3.0080621	 3.1871621	 3.3298614	 3.8346628	 3.9222617	 4.0500628
 0.0333750	 3.0126744	 3.1952738	 3.3357744	 3.8426738	 3.9305748	 4.0586752
