 0.0836745	 3.1287746	 3.2749732	 3.4274741	 3.8874746	 4.0540737	 4.1445734
 0.0675968	 3.1075959	 3.2551960	 3.4070955	 3.8698961	 4.0276977	 4.1230954
 0.0532548	 3.0881561	 3.2368555	 3.3886543	 3.8541543	 4.0033544	 4.1033536
 0.0406492	 3.0704496	 3.2200498	 3.3719492	 3.8401486	 3.9807499	 4.0851491
 0.0297718	 3.0543731	 3.2047706	 3.3570728	 3.8278708	 3.9601726	 4.0686726
 0.0206037	 3.0401035	 3.1909036	 3.3439024	 3.8173046	 3.9414049	 4.0537036
 0.0131401	 3.0274393	 3.1784408	 3.3325390	 3.8083412	 3.9244413	 4.0403401
 0.0073684	 3.0164677	 3.1674692	 3.3228680	 3.8011682	 3.9094696	 4.0285685
 0.0032614	 3.0070607	 3.1578608	 3.3149604	 3.7955627	 3.8961605	 4.0182608
 0.0008114	 2.9994116	 3.1497110	 3.3088106	 3.7916116	 3.8847127	 4.0096103
 0.0000000	 2.9934006	 3.1429000	 3.3042990	 3.7893993	 3.8751996	 4.0025000
 0.0008032	 2.9890032	 3.1374033	 3.3015044	 3.7887027	 3.8674035	 3.9969026
 0.0032014	 2.9861025	 3.1333025	 3.3004023	 3.7896007	 3.8613027	 3.9928018
 0.0071725	 2.9847718	 3.1304725	 3.3008731	 3.7920715	 3.8569734	 3.9900725
 0.0126946	 2.9849950	 3.1288943	 3.3029955	 3.7960933	 3.8543937	 3.9887936
 0.0197359	 2.9867365	 3.1286358	 3.3067371	 3.8016363	 3.8535366	 3.9890358
 0.0282885	 2.9899883	 3.1295882	 3.3119889	 3.8086895	 3.8543883	 3.9905895
 0.0383118	 2.9947122	 3.1318113	 3.3188108	 3.8172121	 3.8569108	 3.9936127
 0.0497804	 3.0008810	 3.1351801	 3.3269797	 3.8270817	 3.8609816	 3.9978795
 0.0626662	 3.0083668	 3.1398659	 3.3367649	 3.8384669	 3.8667668	 4.0035666
 0.0769520	 3.0173520	 3.1455531	 3.3479515	 3.8511529	 3.8740513	 4.0104511
