 0.0850915	 3.0786920	 3.2286921	 3.3914925	 3.8745928	 3.9611903	 4.0893914
 0.0688722	 3.0624713	 3.2123734	 3.3750731	 3.8583721	 3.9448717	 4.0729720
 0.0543695	 3.0479703	 3.1978697	 3.3603708	 3.8439691	 3.9302700	 4.0583704
 0.0415976	 3.0351973	 3.1849987	 3.3473964	 3.8311987	 3.9174970	 4.0453987
 0.0305355	 3.0241358	 3.1739346	 3.3361363	 3.8201346	 3.9063349	 4.0342366
 0.0211794	 3.0147806	 3.1644786	 3.3265797	 3.8107793	 3.8968789	 4.0246800
 0.0135419	 3.0071423	 3.1567424	 3.3186421	 3.8030431	 3.8891427	 4.0168431
 0.0076110	 3.0011123	 3.1507097	 3.3125114	 3.7971110	 3.8831099	 4.0107124
 0.0033806	 2.9968809	 3.1463803	 3.3080814	 3.7928797	 3.8786799	 4.0062796
 0.0008431	 2.9942441	 3.1438442	 3.3053439	 3.7902429	 3.8760431	 4.0035422
 0.0000000	 2.9934006	 3.1429000	 3.3042990	 3.7893993	 3.8751996	 4.0025000
 0.0008396	 2.9941407	 3.1436401	 3.3049384	 3.7901395	 3.8758391	 4.0031394
 0.0033572	 2.9966578	 3.1460565	 3.3072568	 3.7925586	 3.8782581	 4.0054578
 0.0075426	 3.0007422	 3.1501437	 3.3112433	 3.7966430	 3.8823426	 4.0094416
 0.0133842	 3.0064838	 3.1558853	 3.3167836	 3.8023846	 3.8880842	 4.0149845
 0.0208767	 3.0138771	 3.1632759	 3.3241769	 3.8097779	 3.8953768	 4.0222772
 0.0300111	 3.0229113	 3.1722121	 3.3330124	 3.8188121	 3.9044110	 4.0312107
 0.0407744	 3.0335755	 3.1828735	 3.3435732	 3.8293756	 3.9150752	 4.0416735
 0.0531454	 3.0458451	 3.1952466	 3.3557448	 3.8416452	 3.9273448	 4.0538451
 0.0671260	 3.0596249	 3.2090264	 3.3695247	 3.8554251	 3.9411274	 4.0675270
 0.0826925	 3.0750919	 3.2244934	 3.3848937	 3.8707913	 3.9565916	 4.0828933
