 0.0376518	 3.0413525	 3.2025528	 3.3466508	 3.8381513	 3.9645509	 4.0743517
 0.0304742	 3.0332734	 3.1933744	 3.3390751	 3.8299742	 3.9522732	 4.0638753
 0.0240553	 3.0258556	 3.1847566	 3.3322560	 3.8224557	 3.9406566	 4.0540547
 0.0184044	 3.0192051	 3.1770040	 3.3261035	 3.8157046	 3.9299054	 4.0451048
 0.0135092	 3.0133084	 3.1699100	 3.3208081	 3.8097099	 3.9199079	 4.0368081
 0.0093762	 3.0080757	 3.1636759	 3.3161767	 3.8044772	 3.9105771	 4.0292760
 0.0059977	 3.0036974	 3.1580976	 3.3123971	 3.7999982	 3.9020981	 4.0224976
 0.0033685	 2.9999694	 3.1531696	 3.3092678	 3.7961695	 3.8941687	 4.0163696
 0.0014981	 2.9970986	 3.1489981	 3.3068977	 3.7931980	 3.8870991	 4.0109981
 0.0003749	 2.9948754	 3.1455749	 3.3052759	 3.7908742	 3.8807752	 4.0063749
 0.0000000	 2.9934006	 3.1429000	 3.3042990	 3.7893993	 3.8751996	 4.0025000
 0.0003717	 2.9926713	 3.1408727	 3.3041711	 3.7885721	 3.8702716	 3.9992727
 0.0014869	 2.9926876	 3.1395856	 3.3046881	 3.7884877	 3.8660865	 3.9968862
 0.0033461	 2.9934468	 3.1391448	 3.3059453	 3.7892469	 3.8627449	 3.9952454
 0.0059498	 2.9948509	 3.1392509	 3.3080487	 3.7905504	 3.8599503	 3.9941488
 0.0092880	 2.9970877	 3.1401870	 3.3106882	 3.7927871	 3.8580891	 3.9938875
 0.0133610	 2.9999612	 3.1417598	 3.3142611	 3.7955600	 3.8567611	 3.9943610
 0.0181800	 3.0035803	 3.1439803	 3.3183809	 3.7991791	 3.8561788	 3.9954794
 0.0237293	 3.0079287	 3.1470280	 3.3233306	 3.8034295	 3.8564292	 3.9973298
 0.0300074	 3.0130064	 3.1507069	 3.3289062	 3.8085072	 3.8573081	 3.9998060
 0.0370193	 3.0187180	 3.1551206	 3.3352193	 3.8142188	 3.8590197	 4.0031204
