 0.0816591	 3.1244588	 3.2221586	 3.4181596	 3.8731587	 3.9641591	 4.0759599
 0.0660213	 3.1043224	 3.2073203	 3.3996205	 3.8575203	 3.9483221	 4.0615215
 0.0520671	 3.0857669	 3.1939676	 3.3826678	 3.8435663	 3.9339680	 4.0486668
 0.0397863	 3.0687870	 3.1821851	 3.3672852	 3.8311851	 3.9212875	 4.0373850
 0.0291798	 3.0533799	 3.1719808	 3.3535788	 3.8203795	 3.9100792	 4.0276787
 0.0202142	 3.0394150	 3.1633140	 3.3414153	 3.8112147	 3.9004137	 4.0196132
 0.0129207	 3.0272216	 3.1562200	 3.3308219	 3.8037207	 3.8923210	 4.0131206
 0.0072504	 3.0164513	 3.1506498	 3.3218503	 3.7977505	 3.8857494	 4.0081490
 0.0032131	 3.0072131	 3.1465137	 3.3145141	 3.7934130	 3.8807126	 4.0047122
 0.0008015	 2.9995014	 3.1439014	 3.3086011	 3.7906021	 3.8771017	 4.0028020
 0.0000000	 2.9934006	 3.1429000	 3.3042990	 3.7893993	 3.8751996	 4.0025000
 0.0008028	 2.9888018	 3.1433027	 3.3016023	 3.7897041	 3.8746037	 4.0037027
 0.0031975	 2.9856970	 3.1451966	 3.3003969	 3.7915980	 3.8754962	 4.0062987
 0.0071830	 2.9840834	 3.1485817	 3.3006826	 3.7949831	 3.8779833	 4.0104838
 0.0127398	 2.9839392	 3.1533410	 3.3024404	 3.7999410	 3.8818392	 4.0161410
 0.0198686	 2.9853678	 3.1596677	 3.3058691	 3.8063683	 3.8872678	 4.0232677
 0.0285574	 2.9882576	 3.1673576	 3.3106583	 3.8143576	 3.8940571	 4.0318583
 0.0387934	 2.9925924	 3.1764925	 3.3169931	 3.8237945	 3.9022940	 4.0419946
 0.0505800	 2.9983802	 3.1870804	 3.3247810	 3.8347798	 3.9119812	 4.0533798
 0.0639028	 3.0057028	 3.1991024	 3.3341036	 3.8472018	 3.9231025	 4.0664032
 0.0787328	 3.0144323	 3.2125340	 3.3448331	 3.8611340	 3.9357341	 4.0807327
