 0.1010723	 3.0938732	 3.2416719	 3.4005729	 3.8905713	 3.9736722	 4.1029726
 0.0818709	 3.0747708	 3.2226702	 3.3818705	 3.8713709	 3.9547712	 4.0838702
 0.0646883	 3.0576875	 3.2057883	 3.3651872	 3.8541869	 3.9378892	 4.0667896
 0.0495339	 3.0425335	 3.1908329	 3.3504332	 3.8390329	 3.9228331	 4.0516329
 0.0363868	 3.0294856	 3.1778857	 3.3377880	 3.8258871	 3.9099866	 4.0384870
 0.0252765	 3.0184759	 3.1669766	 3.3271756	 3.8147767	 3.8991755	 4.0275753
 0.0161729	 3.0093737	 3.1580731	 3.3185741	 3.8055738	 3.8902720	 4.0184730
 0.0090970	 3.0023966	 3.1512974	 3.3119971	 3.7984961	 3.8834963	 4.0114960
 0.0040440	 2.9973435	 3.1465436	 3.3074446	 3.7934429	 3.8787452	 4.0065436
 0.0010098	 2.9944101	 3.1436102	 3.3048105	 3.7904089	 3.8759098	 4.0034088
 0.0000000	 2.9934006	 3.1429000	 3.3042990	 3.7893993	 3.8751996	 4.0025000
 0.0010140	 2.9944128	 3.1441136	 3.3058146	 3.7903136	 3.8764132	 4.0035149
 0.0040538	 2.9975530	 3.1473545	 3.3093548	 3.7933531	 3.8796541	 4.0066551
 0.0091173	 3.0026171	 3.1526172	 3.3148162	 3.7984172	 3.8849168	 4.0117165
 0.0162219	 3.0097220	 3.1599207	 3.3224218	 3.8054214	 3.8923210	 4.0188214
 0.0253528	 3.0188541	 3.1692515	 3.3319539	 3.8145535	 3.9016518	 4.0280542
 0.0365193	 3.0301196	 3.1806204	 3.3436194	 3.8256204	 3.9130180	 4.0392190
 0.0497288	 3.0433280	 3.1940275	 3.3573285	 3.8388288	 3.9265284	 4.0524302
 0.0649863	 3.0584875	 3.2094863	 3.3729860	 3.8539856	 3.9418866	 4.0676876
 0.0822929	 3.0758919	 3.2269941	 3.3907931	 3.8712920	 3.9594923	 4.0849940
 0.1016533	 3.0952528	 3.2465537	 3.4106520	 3.8905523	 3.9790546	 4.1043522
