 0.0561804	 3.0576793	 3.2565811	 3.3735792	 3.8559802	 4.0055803	 4.1099795
 0.0455089	 3.0464084	 3.2408093	 3.3617096	 3.8445078	 3.9883092	 4.0943085
 0.0359797	 3.0362803	 3.2259791	 3.3509801	 3.8340804	 3.9718790	 4.0797803
 0.0275528	 3.0271536	 3.2122537	 3.3412521	 3.8246517	 3.9565535	 4.0663515
 0.0202535	 3.0191534	 3.1993528	 3.3327539	 3.8164529	 3.9420526	 4.0539540
 0.0140608	 3.0121601	 3.1874614	 3.3252599	 3.8091602	 3.9284605	 4.0425606
 0.0090014	 3.0063015	 3.1766013	 3.3189006	 3.8031003	 3.9159024	 4.0324026
 0.0050631	 3.0014633	 3.1666637	 3.3135617	 3.7979627	 3.9042641	 4.0233629
 0.0022499	 2.9977489	 3.1577493	 3.3094501	 3.7940497	 3.8936489	 4.0153492
 0.0005612	 2.9950605	 3.1497600	 3.3062609	 3.7911599	 3.8838610	 4.0083613
 0.0000000	 2.9934006	 3.1429000	 3.3042990	 3.7893993	 3.8751996	 4.0025000
 0.0005670	 2.9928672	 3.1369679	 3.3033683	 3.7886673	 3.8673681	 3.9977679
 0.0022637	 2.9933625	 3.1320644	 3.3035643	 3.7890646	 3.8606633	 3.9940644
 0.0050907	 2.9948917	 3.1280915	 3.3048895	 3.7904905	 3.8547910	 3.9913895
 0.0090527	 2.9975530	 3.1251527	 3.3071534	 3.7930538	 3.8500535	 3.9898521
 0.0141422	 3.0012429	 3.1232425	 3.3106419	 3.7967410	 3.8462412	 3.9894412
 0.0203681	 3.0059668	 3.1224670	 3.3152679	 3.8014676	 3.8434684	 3.9901677
 0.0277336	 3.0117329	 3.1225323	 3.3208326	 3.8073344	 3.8416343	 3.9917324
 0.0362246	 3.0185248	 3.1238248	 3.3275239	 3.8142243	 3.8408234	 3.9945243
 0.0458679	 3.0263672	 3.1260670	 3.3353689	 3.8223687	 3.8410683	 3.9984672
 0.0566430	 3.0352435	 3.1294440	 3.3442426	 3.8314437	 3.8423418	 4.0033435
