 0.1424691	 3.1373679	 3.2899694	 3.4432703	 3.9299680	 4.0224704	 4.1488701
 0.1172634	 3.1120640	 3.2642628	 3.4185624	 3.9049634	 3.9967638	 4.1232641
 0.0941542	 3.0887547	 3.2406542	 3.3959551	 3.8820541	 3.9731552	 4.0997535
 0.0732588	 3.0676578	 3.2192579	 3.3754595	 3.8613599	 3.9517589	 4.0784579
 0.0547003	 3.0490016	 3.2002997	 3.3573013	 3.8430003	 3.9327000	 4.0594997
 0.0386069	 3.0327074	 3.1837062	 3.3415078	 3.8271062	 3.9161065	 4.0430068
 0.0251150	 3.0191153	 3.1698148	 3.3284137	 3.8138161	 3.9022151	 4.0291154
 0.0143580	 3.0081573	 3.1585574	 3.3178584	 3.8032581	 3.8908570	 4.0179588
 0.0064874	 3.0001871	 3.1502879	 3.3102882	 3.7955872	 3.8825875	 4.0096865
 0.0016476	 2.9951475	 3.1449463	 3.3057466	 3.7908470	 3.8772486	 4.0044483
 0.0000000	 2.9934006	 3.1429000	 3.3042990	 3.7893993	 3.8751996	 4.0025000
 0.0017073	 2.9950060	 3.1442061	 3.3062065	 3.7912062	 3.8764078	 4.0038061
 0.0069408	 3.0001408	 3.1489409	 3.3116406	 3.7966403	 3.8812405	 4.0087395
 0.0158756	 3.0088757	 3.1574744	 3.3207755	 3.8056745	 3.8896760	 4.0172757
 0.0287021	 3.0216025	 3.1699019	 3.3337009	 3.8186026	 3.9021008	 4.0298012
 0.0456088	 3.0384082	 3.1864083	 3.3508087	 3.8356097	 3.9185092	 4.0463076
 0.0667978	 3.0594971	 3.2071978	 3.3720989	 3.8568972	 3.9392988	 4.0670971
 0.0924736	 3.0850730	 3.2323738	 3.3978735	 3.8826746	 3.9644747	 4.0924744
 0.1228613	 3.1152614	 3.2623608	 3.4284619	 3.9131622	 3.9944617	 4.1224614
 0.1581798	 3.1504811	 3.2972784	 3.4637795	 3.9484799	 4.0292787	 4.1573791
 0.1986689	 3.1908682	 3.3372683	 3.5043681	 3.9890684	 4.0692686	 4.1974696
