 0.2376309	 3.2338296	 3.3815304	 3.5445321	 4.0145301	 4.1115306	 4.2414297
 0.1891588	 3.1851593	 3.3329580	 3.4958591	 3.9672585	 4.0632576	 4.1928600
 0.1468906	 3.1425898	 3.2906905	 3.4533902	 3.9261910	 4.0211915	 4.1504919
 0.1105041	 3.1060041	 3.2542028	 3.4167038	 3.8910040	 3.9849051	 4.1140041
 0.0798026	 3.0750021	 3.2234022	 3.3858026	 3.8616020	 3.9543031	 4.0832035
 0.0544590	 3.0493581	 3.1979595	 3.3601585	 3.8374601	 3.9291598	 4.0577581
 0.0342673	 3.0288679	 3.1776680	 3.3396683	 3.8185672	 3.9090669	 4.0374666
 0.0189453	 3.0132458	 3.1622446	 3.3241442	 3.8045452	 3.8938448	 4.0219452
 0.0082743	 3.0022742	 3.1514743	 3.3131753	 3.7950756	 3.8832732	 4.0111749
 0.0020364	 2.9957353	 3.1450361	 3.3066364	 3.7901367	 3.8771370	 4.0047367
 0.0000000	 2.9934006	 3.1429000	 3.3042990	 3.7893993	 3.8751996	 4.0025000
 0.0019630	 2.9950632	 3.1446633	 3.3059643	 3.7926620	 3.8770636	 4.0042633
 0.0077292	 3.0005299	 3.1502280	 3.3114284	 3.7997288	 3.8829303	 4.0098280
 0.0170981	 3.0094988	 3.1594989	 3.3204979	 3.8103984	 3.8923972	 4.0189982
 0.0298877	 3.0219889	 3.1720869	 3.3329879	 3.8244884	 3.9051865	 4.0315889
 0.0459433	 3.0377443	 3.1879430	 3.3486427	 3.8418438	 3.9212440	 4.0474423
 0.0650643	 3.0564630	 3.2067651	 3.3674648	 3.8622633	 3.9402648	 4.0662644
 0.0871230	 3.0781233	 3.2286241	 3.3891223	 3.8856243	 3.9623223	 4.0880227
 0.1119297	 3.1025292	 3.2532286	 3.4136289	 3.9118288	 3.9871310	 4.1126299
 0.1393550	 3.1296562	 3.2803557	 3.4407560	 3.9405559	 4.0144539	 4.1397543
 0.1692865	 3.1591860	 3.3099862	 3.4702858	 3.9718871	 4.0442858	 4.1693875
