 0.0419933	 3.0619923	 3.1924928	 3.3579925	 3.8376941	 3.9230944	 4.0500927
 0.0340082	 3.0514071	 3.1839076	 3.3489093	 3.8291089	 3.9145092	 4.0416082
 0.0268625	 3.0416627	 3.1760625	 3.3406616	 3.8213618	 3.9067621	 4.0339618
 0.0205651	 3.0326639	 3.1689658	 3.3332655	 3.8144665	 3.8998640	 4.0271644
 0.0151046	 3.0246039	 3.1628051	 3.3266042	 3.8083058	 3.8938040	 4.0212051
 0.0104885	 3.0172894	 3.1573873	 3.3207891	 3.8030894	 3.8884896	 4.0159886
 0.0067132	 3.0109138	 3.1528131	 3.3158121	 3.7987138	 3.8841140	 4.0116131
 0.0037755	 3.0052756	 3.1491749	 3.3117767	 3.7951763	 3.8806745	 4.0081763
 0.0016786	 3.0004782	 3.1461790	 3.3083780	 3.7923790	 3.8779779	 4.0054796
 0.0004199	 2.9965190	 3.1441191	 3.3059208	 3.7904197	 3.8761193	 4.0035204
 0.0000000	 2.9934006	 3.1429000	 3.3042990	 3.7893993	 3.8751996	 4.0025000
 0.0004173	 2.9911175	 3.1424184	 3.3034173	 3.7891163	 3.8750173	 4.0023176
 0.0016719	 2.9896726	 3.1428728	 3.3034717	 3.7896714	 3.8756731	 4.0028728
 0.0037621	 2.9889624	 3.1440619	 3.3043616	 3.7911626	 3.8772622	 4.0043612
 0.0066904	 2.9891910	 3.1460892	 3.3059915	 3.7933912	 3.8795915	 4.0065898
 0.0104527	 2.9901515	 3.1489518	 3.3084514	 3.7964525	 3.8827535	 4.0095531
 0.0150455	 2.9919448	 3.1525464	 3.3117467	 3.8003465	 3.8868461	 4.0134444
 0.0204775	 2.9946768	 3.1571778	 3.3159781	 3.8050785	 3.8917768	 4.0181764
 0.0267436	 2.9981435	 3.1624432	 3.3209442	 3.8106433	 3.8975429	 4.0236432
 0.0338423	 3.0024429	 3.1685413	 3.3267429	 3.8170434	 3.9040409	 4.0300433
 0.0417822	 3.0074825	 3.1754829	 3.3332818	 3.8242816	 3.9114833	 4.0371809
