 0.2436485	 3.1723482	 3.3713479	 3.5484478	 4.1080475	 4.1794475	 4.3474480
 0.1972938	 3.1329950	 3.3318940	 3.5043926	 4.0563949	 4.1217947	 4.2924946
 0.1558456	 3.0983468	 3.2966444	 3.4644462	 4.0091450	 4.0701448	 4.2421453
 0.1192900	 3.0685911	 3.2650901	 3.4286904	 3.9661891	 4.0244895	 4.1961907
 0.0876280	 3.0435267	 3.2374270	 3.3972286	 3.9277285	 3.9848289	 4.1549273
 0.0608524	 3.0232515	 3.2133530	 3.3701533	 3.8936516	 3.9513534	 4.1181511
 0.0389491	 3.0078498	 3.1928492	 3.3474481	 3.8639504	 3.9239488	 4.0859492
 0.0218988	 2.9970986	 3.1755999	 3.3293988	 3.8385975	 3.9025987	 4.0581990
 0.0097380	 2.9911393	 3.1616378	 3.3161386	 3.8178380	 3.8874393	 4.0350393
 0.0024327	 2.9899338	 3.1507314	 3.3077330	 3.8013315	 3.8783316	 4.0165329
 0.0000000	 2.9934006	 3.1429000	 3.3042990	 3.7893993	 3.8751996	 4.0025000
 0.0024301	 3.0016293	 3.1380292	 3.3059289	 3.7818291	 3.8779289	 3.9930304
 0.0097287	 3.0146282	 3.1362278	 3.3128297	 3.7787297	 3.8867291	 3.9883283
 0.0218994	 3.0322993	 3.1375992	 3.3246994	 3.7800985	 3.9013987	 3.9882004
 0.0389482	 3.0547487	 3.1421490	 3.3416493	 3.7859489	 3.9215488	 3.9926494
 0.0608807	 3.0818811	 3.1501818	 3.3635817	 3.7963818	 3.9475819	 4.0018795
 0.0876890	 3.1136886	 3.1616895	 3.3904884	 3.8111902	 3.9790900	 4.0157900
 0.1194016	 3.1502008	 3.1769006	 3.4223012	 3.8306028	 4.0159016	 4.0348026
 0.1559847	 3.1960847	 3.1912846	 3.4589849	 3.8544835	 4.0544846	 4.0622834
 0.1975212	 3.2374215	 3.2188198	 3.5005204	 3.8829222	 4.0849206	 4.1082217
 0.2439602	 3.2880592	 3.2457591	 3.5467607	 3.9158589	 4.1180613	 4.1613601
