1  -0.00021 0.00016 -0.00045
2  -0.00008 0.00004 -0.00011
3  -0.00028 -0.00004 0.00002
4  -0.00001 -0.00023 0.00056
5  -0.00026 0.00100 -0.00247
6  0.00598 -0.01110 0.02844
7  -0.00003 0.00006 -0.00014
8  0.00033 0.00007 -0.00008
9  0.00164 -0.00355 0.00901
10  0.00002 -0.00000 0.00002
11  -0.01864 0.04048 -0.10285
12  0.00001 -0.00001 0.00004
13  -0.00000 0.00001 -0.00002
14  0.00005 -0.00002 0.00006
15  -0.00003 0.00001 -0.00004
16  -0.00002 0.00001 -0.00004
17  -0.00051 -0.00043 0.00088
18  -0.00009 0.00006 -0.00017
19  0.00007 0.00004 -0.00007
20  -0.00001 -0.00011 0.00026
21  -0.00037 0.00127 -0.00315
22  -0.00001 0.00029 -0.00005
23  0.00005 -0.00016 -0.00024
24  -0.00002 0.00004 -0.00009
25  -0.00010 0.00002 0.00006
26  -0.00008 -0.00007 0.00002
27  0.00038 -0.00046 0.00122
28  -0.08994 -0.01217 0.00162
29  0.05171 0.20107 -0.00794
30  0.93396 0.06903 0.12103
31  0.09290 -0.12018 -0.14201
