1  -0.02461 -0.01423 0.02656
2  -0.08312 -0.00549 -0.01240
3  0.13875 0.01121 0.01580
4  -0.06858 -0.01088 0.00499
5  0.01690 0.01006 -0.01895
6  -0.18674 -0.02466 0.00178
7  0.05189 0.00190 0.01142
8  -0.11756 -0.03391 0.04516
9  0.01818 0.02945 -0.06503
10  -0.00274 -0.00727 0.01653
11  -0.10036 0.01418 -0.06488
12  0.03881 0.00639 -0.00338
13  -0.00407 -0.00045 -0.00016
14  0.00074 0.00774 -0.01832
15  0.00806 -0.00145 0.00594
16  -0.01442 -0.00290 0.00252
17  0.00373 -0.00207 0.00609
18  0.02975 0.02483 -0.05034
19  -0.00245 -0.01146 0.02673
20  0.04601 0.01334 -0.01788
21  0.03173 0.00878 -0.01110
22  -0.10794 0.06761 0.17732
23  -0.07460 -0.19337 0.06841
24  -0.03447 -0.00118 -0.00775
25  0.12371 0.11634 0.09494
26  0.15378 -0.11914 -0.00303
27  -0.00353 0.00441 -0.01206
28  -0.03654 0.02360 -0.06800
29  0.29344 -0.04801 0.34686
30  -0.08957 -0.21088 0.47979
31  0.30690 -0.14703 0.30560
