1  -0.00011 0.00007 -0.00020
2  0.00066 0.00010 -0.00005
3  0.00002 0.00002 -0.00003
4  -0.00004 -0.00001 0.00002
5  0.00004 0.00000 0.00000
6  -0.00001 0.00005 -0.00013
7  -0.00002 -0.00000 -0.00000
8  -0.00001 0.00000 -0.00001
9  -0.00001 0.00000 -0.00001
10  0.76758 0.32653 -0.54667
11  -0.00001 -0.00003 0.00007
12  0.00088 -0.00009 0.00050
13  -0.00003 -0.00007 0.00015
14  -0.00043 0.00021 -0.00062
15  -0.00003 -0.00001 0.00002
16  -0.05647 -0.02392 0.03998
17  0.00052 0.00025 -0.00044
18  0.00003 -0.00000 0.00001
19  -0.00012 0.00000 -0.00004
20  -0.00001 0.00000 -0.00000
21  -0.00000 -0.00003 0.00008
22  0.00006 0.00007 0.00001
23  0.00007 -0.00004 -0.00004
24  0.00000 -0.00000 0.00001
25  0.00006 -0.00003 -0.00004
26  0.00004 0.00006 -0.00001
27  -0.00004 0.00003 -0.00009
28  -0.00000 -0.00001 0.00002
29  0.00005 0.00013 -0.00004
30  -0.00004 0.00000 -0.00002
31  0.00007 -0.00005 -0.00012
