1  -0.04444 0.03036 -0.08514
2  -0.01316 0.03833 -0.10011
3  -0.04676 0.03958 -0.11338
4  -0.02563 0.04457 -0.11441
5  0.04211 0.02797 -0.04996
6  0.11793 0.04408 -0.06149
7  0.02803 -0.01248 0.04070
8  -0.04096 -0.02504 0.05072
9  -0.09229 0.00000 -0.02877
10  0.08967 -0.03388 0.10871
11  -0.18652 -0.01597 -0.01969
12  0.09083 0.01946 -0.01920
13  0.23275 0.04479 -0.03279
14  -0.01508 -0.03666 0.08420
15  -0.04234 -0.08164 0.17997
16  0.05912 -0.02295 0.07295
17  -0.07799 -0.00432 -0.00685
18  -0.04753 0.03979 -0.11046
19  -0.02221 0.04180 -0.11477
20  -0.09669 -0.09283 0.19631
21  -0.24141 -0.09388 0.20104
22  -0.04435 -0.11808 0.24976
23  -0.05507 -0.13159 0.27603
24  0.13493 -0.04908 0.15386
25  0.11812 -0.08385 0.22575
26  0.12559 -0.08460 0.22739
27  0.25899 -0.01477 0.11651
28  -0.06814 0.03704 -0.10899
29  -0.08523 0.04240 -0.11241
30  -0.06986 0.02047 -0.09958
31  -0.06544 0.04690 -0.11546
