1  0.00011 0.00001 0.00002
2  -0.00009 0.00000 -0.00004
3  -0.00031 -0.00005 0.00001
4  0.00023 0.00002 0.00003
5  -0.00034 0.00001 -0.00013
6  -0.00061 0.00028 -0.00086
7  -0.00025 -0.00038 0.00084
8  0.00027 -0.00007 0.00024
9  0.00077 0.00002 0.00018
10  -0.00009 -0.00004 0.00006
11  -0.00142 0.00229 -0.00594
12  0.00003 0.00003 -0.00006
13  -0.00000 -0.00002 0.00003
14  0.00009 0.00003 -0.00004
15  -0.00004 -0.00000 -0.00000
16  -0.00000 -0.00000 0.00001
17  -0.00010 -0.00001 0.00000
18  -0.00012 -0.00001 -0.00002
19  0.00006 0.00002 -0.00003
20  -0.05032 -0.00662 0.00065
21  0.00041 -0.13975 0.33559
22  0.23621 0.57475 0.02065
23  0.35618 -0.35563 -0.36727
24  0.01525 0.00375 -0.00417
25  -0.12956 0.14199 0.03337
26  -0.09289 -0.14852 -0.08781
27  0.04601 -0.03637 0.10134
28  0.00007 0.00007 -0.00014
29  -0.00063 -0.00239 0.00010
30  0.00113 0.00007 0.00017
31  -0.00112 0.00142 0.00169
