1  -0.00838 -0.00355 0.00594
2  -0.00271 0.00193 -0.00545
3  -0.00281 0.00450 -0.01165
4  -0.00746 -0.00776 0.01632
5  0.00407 0.00264 -0.00507
6  -0.01258 -0.00080 -0.00199
7  0.00362 0.00444 -0.00958
8  0.00363 -0.00462 0.01211
9  0.00753 0.00193 -0.00231
10  -0.00621 0.00256 -0.00805
11  -0.01847 -0.00162 -0.00172
12  -0.00118 -0.00058 0.00103
13  -0.00040 0.00037 -0.00101
14  -0.00090 0.00039 -0.00121
15  -0.00036 -0.00006 0.00004
16  0.00274 -0.00069 0.00249
17  0.00409 0.00040 0.00030
18  0.00743 0.00359 -0.00632
19  0.00095 -0.00145 0.00377
20  -0.10036 0.00055 -0.03255
21  0.39141 0.05858 -0.01584
22  0.39896 -0.20840 0.10692
23  0.35196 0.15382 0.25575
24  -0.06815 -0.02692 0.04342
25  0.23610 0.28900 -0.12613
26  0.28029 -0.05684 -0.27178
27  0.26935 0.06344 -0.06654
28  -0.00260 -0.00379 0.00829
29  0.00202 -0.00702 -0.03167
30  0.00228 0.01659 -0.03914
31  -0.00242 0.02740 -0.01733
