1  0.00620 -0.04862 -0.02033
2  0.00470 -0.03675 -0.01539
3  0.01456 -0.11378 -0.04757
4  0.00633 -0.04947 -0.02075
5  -0.00800 0.06258 0.02599
6  -0.02034 0.15915 0.06627
7  -0.01083 0.08448 0.03521
8  0.00679 -0.05333 -0.02222
9  0.01812 -0.14185 -0.05918
10  -0.02050 0.16002 0.06687
11  0.02717 -0.21299 -0.08883
12  -0.00976 0.07642 0.03188
13  -0.02084 0.16336 0.06816
14  -0.00196 0.01509 0.00637
15  -0.00207 0.01583 0.00673
16  -0.01149 0.08961 0.03747
17  0.00517 -0.04074 -0.01698
18  0.01001 -0.07842 -0.03279
19  0.01295 -0.10101 -0.04223
20  0.01014 -0.07968 -0.03319
21  0.02646 -0.20741 -0.08641
22  -0.01596 -0.07257 0.09231
23  0.02276 0.01865 -0.11477
24  -0.03515 0.27613 0.11538
25  0.02821 0.35963 0.02603
26  -0.10674 0.25644 0.23197
27  -0.04705 0.37207 0.15524
28  0.01485 -0.11615 -0.04852
29  -0.13471 -0.07023 -0.02998
30  0.03391 -0.26509 -0.11070
31  0.14876 -0.03979 -0.01602
