1  0.01637 -0.02599 0.06721
2  0.01375 -0.02874 0.07164
3  0.01850 0.03527 -0.07821
4  0.02693 0.04074 -0.08835
5  0.06139 0.05006 -0.10041
6  0.05732 0.05150 -0.10470
7  0.07819 0.04105 -0.07493
8  0.03198 0.03341 -0.07010
9  0.01981 0.04041 -0.08948
10  -0.05411 -0.00881 0.00563
11  0.01625 0.04006 -0.08943
12  -0.06322 -0.03398 0.06139
13  -0.21458 -0.06005 0.07826
14  -0.01328 -0.00868 0.01679
15  0.00265 0.01812 -0.04249
16  -0.04815 -0.01102 0.01187
17  0.02061 -0.02589 0.06860
18  -0.01837 -0.00383 0.00414
19  0.04864 0.01312 -0.01767
20  0.01361 0.00689 -0.01274
21  -0.04580 -0.00143 -0.01430
22  0.03423 -0.00366 0.02016
23  0.03473 -0.00270 0.01847
24  0.25918 -0.00922 0.10091
25  0.23727 -0.06451 0.23625
26  0.23365 -0.06675 0.23097
27  0.47772 0.04383 0.03220
28  -0.20433 -0.03960 0.03191
29  -0.26673 -0.02497 -0.02088
30  -0.21515 -0.09713 0.16588
31  -0.26615 -0.02604 -0.02094
