1  0.09125 -0.01719 0.06926
2  -0.02906 -0.01635 0.03029
3  -0.01781 -0.00320 0.00218
4  -0.03464 0.00494 -0.02249
5  -0.02337 -0.00541 0.00589
6  0.01864 0.00192 0.00074
7  0.00028 -0.01399 0.03337
8  -0.00155 0.01322 -0.03284
9  -0.00367 -0.02010 0.04737
10  0.25821 -0.15586 0.45291
11  -0.01383 -0.02382 0.05138
12  0.03705 0.02019 -0.03703
13  -0.03454 0.01330 -0.04248
14  -0.03942 0.01626 -0.05105
15  -0.06893 -0.00553 -0.00791
16  0.01834 -0.06572 0.16311
17  0.13771 0.06877 -0.12251
18  -0.02537 -0.01901 0.03771
19  -0.03822 0.00987 -0.03542
20  0.03070 0.03557 -0.07527
21  -0.42485 -0.02178 -0.07900
22  0.15550 -0.03291 0.22841
23  0.16263 -0.10477 0.19823
24  0.05033 -0.00553 0.02908
25  0.05178 0.04897 -0.16786
26  0.04679 0.09541 -0.14907
27  -0.21234 -0.07210 0.10753
28  -0.04983 0.00615 -0.02999
29  0.11049 -0.03410 0.07619
30  -0.02445 0.09340 -0.23161
31  0.10691 -0.00650 0.08780
