1  0.00008 -0.00005 -0.00009
2  -0.00005 0.00029 0.00003
3  0.00053 -0.00454 -0.00194
4  0.00002 -0.00036 -0.00031
5  -0.00363 0.03099 0.01311
6  0.02024 -0.15027 -0.06262
7  0.01220 -0.09481 -0.03975
8  0.00752 -0.05761 -0.02384
9  -0.00398 0.03194 0.01346
10  0.00008 -0.00015 0.00005
11  0.02401 -0.18669 -0.07766
12  0.00007 -0.00051 -0.00021
13  -0.00002 0.00011 0.00007
14  0.00001 -0.00004 -0.00007
15  -0.00004 0.00003 0.00001
16  0.00001 0.00007 0.00008
17  0.00006 -0.00003 0.00000
18  -0.00023 0.00084 0.00021
19  -0.00024 0.00140 0.00070
20  -0.01045 0.08023 0.03355
21  0.02234 -0.16793 -0.06988
22  0.35715 -0.08943 0.04851
23  -0.33317 -0.10354 -0.12980
24  -0.01492 0.11265 0.04651
25  -0.37605 -0.28218 0.19342
26  0.40821 0.02213 -0.29749
27  0.03330 -0.23741 -0.10081
28  -0.00004 -0.00050 -0.00003
29  0.00091 -0.00049 0.00494
30  0.00046 -0.00366 -0.00203
31  -0.00061 0.00285 -0.00314
