1  0.02894 0.01490 -0.02683
2  -0.03321 0.00478 -0.02167
3  0.11895 0.03814 -0.05486
4  -0.04717 0.00147 -0.01804
5  0.00374 -0.02744 0.06700
6  0.73645 0.10353 -0.02193
7  -0.07510 0.00415 -0.03304
8  -0.05751 0.04665 -0.12959
9  0.02306 -0.01270 0.03752
10  0.00409 0.01805 -0.04192
11  -0.48721 -0.10163 0.09416
12  -0.00872 -0.00395 0.00678
13  0.00407 -0.00106 0.00381
14  -0.01770 -0.02752 0.06048
15  -0.01392 0.00268 -0.01068
16  0.01821 0.01239 -0.02410
17  0.02822 0.00924 -0.01348
18  0.00777 -0.03159 0.07809
19  -0.05349 -0.02935 0.05391
20  0.01722 -0.01856 0.04989
21  0.18336 0.00230 0.05045
22  0.02521 -0.01329 -0.09362
23  0.01321 0.07997 -0.05472
24  0.02636 -0.00334 0.01613
25  -0.00447 0.00156 -0.09920
26  -0.01289 0.06743 -0.07162
27  -0.02608 -0.01449 0.02671
28  0.00181 0.01912 -0.04523
29  -0.02295 0.02440 -0.00780
30  -0.01430 -0.05606 0.12996
31  -0.01772 -0.01627 -0.02446
