1  0.03535 0.00425 -0.00033
2  -0.01433 -0.01983 0.04298
3  -0.05869 -0.00010 -0.01756
4  -0.00455 0.00587 -0.01544
5  -0.05730 0.02705 -0.08023
6  -0.07471 0.02241 -0.07327
7  -0.07710 0.02337 -0.07965
8  -0.15099 0.01586 -0.08550
9  -0.09302 0.00651 -0.04457
10  -0.00323 0.00865 -0.02248
11  -0.04637 0.01540 -0.05127
12  -0.00412 -0.03666 0.08667
13  -0.07630 -0.05143 0.09967
14  0.09050 0.00318 0.02056
15  0.08916 -0.00741 0.04482
16  0.04334 -0.00805 0.03262
17  0.05450 0.01383 -0.01524
18  0.03402 0.00577 -0.00574
19  -0.02002 -0.01014 0.01923
20  -0.19780 0.00442 -0.07113
21  -0.22847 0.00098 -0.07244
22  -0.18456 -0.00200 -0.05288
23  -0.18360 -0.00028 -0.05226
24  0.05112 -0.02132 0.06616
25  0.03430 -0.06350 0.17008
26  0.03322 -0.06698 0.16624
27  0.21873 0.02020 0.01357
28  0.28012 0.05235 -0.03902
29  0.38519 0.02814 0.04473
30  0.29931 0.14521 -0.25287
31  0.38288 0.03270 0.04549
