1  0.00012 -0.00001 0.00006
2  -0.00009 0.00000 -0.00003
3  -0.00009 0.00000 -0.00004
4  -0.00021 -0.00007 0.00011
5  0.00062 0.00034 -0.00063
6  0.00064 -0.00285 0.00705
7  0.00002 -0.00008 0.00019
8  -0.00053 0.00019 -0.00061
9  0.00032 -0.00011 0.00037
10  -0.00013 -0.00005 0.00009
11  -0.00131 0.00107 -0.00297
12  0.00006 0.00004 -0.00008
13  -0.00001 -0.00002 0.00005
14  0.00013 0.00003 -0.00004
15  -0.00007 -0.00000 -0.00001
16  -0.00001 -0.00000 0.00000
17  -0.00013 -0.00002 -0.00000
18  -0.00004 -0.00002 0.00004
19  0.00004 0.00001 -0.00002
20  -0.01548 -0.00174 -0.00047
21  0.00176 -0.04572 0.11033
22  0.07358 0.18007 0.00796
23  0.11139 -0.11262 -0.11423
24  -0.04613 -0.01234 0.01505
25  0.40505 -0.44766 -0.10948
26  0.28893 0.47001 0.27349
27  -0.14743 0.12223 -0.33846
28  -0.00006 -0.00004 0.00007
29  0.00031 0.00084 -0.00011
30  -0.00020 -0.00004 0.00004
31  0.00047 -0.00043 -0.00064
