1  -0.01398 0.10891 0.04552
2  0.01028 -0.08099 -0.03375
3  0.02997 -0.23354 -0.09726
4  -0.02665 0.20769 0.08653
5  0.00422 -0.03427 -0.01477
6  0.03987 -0.31241 -0.13080
7  -0.00543 0.04106 0.01695
8  0.00490 -0.03876 -0.01600
9  -0.00373 0.02927 0.01267
10  0.00051 -0.00373 -0.00167
11  -0.04002 0.31226 0.13065
12  0.01239 -0.09689 -0.04047
13  -0.00383 0.03001 0.01247
14  -0.08119 0.63377 0.26452
15  0.02247 -0.17496 -0.07300
16  0.01634 -0.12698 -0.05308
17  0.02760 -0.21498 -0.08961
18  0.00647 -0.05104 -0.02128
19  -0.01317 0.10179 0.04250
20  0.00074 -0.00415 -0.00160
21  0.00174 -0.01099 -0.00444
22  -0.00842 -0.00022 -0.00412
23  0.00896 -0.00125 0.00367
24  -0.00052 0.00543 0.00208
25  -0.01663 -0.01262 0.01312
26  0.01801 0.00425 -0.01673
27  -0.00018 0.00437 0.00154
28  0.00058 -0.00456 -0.00197
29  0.00058 0.00027 0.04837
30  0.00170 -0.01315 -0.00573
31  -0.00480 0.03395 -0.03404
