1  -0.00003 0.00013 0.00011
2  -0.00015 0.00015 0.00012
3  -0.00045 0.00367 0.00154
4  0.00056 -0.00530 -0.00218
5  0.00185 -0.01607 -0.00690
6  -0.00750 0.05667 0.02344
7  -0.01168 0.09031 0.03778
8  0.01488 -0.11407 -0.04732
9  -0.00327 0.02726 0.01107
10  0.00020 -0.00054 -0.00009
11  0.01591 -0.12077 -0.05068
12  -0.00004 0.00025 0.00009
13  0.00000 -0.00001 -0.00003
14  -0.00000 -0.00010 -0.00003
15  -0.00001 0.00004 0.00001
16  0.00005 0.00000 0.00002
17  0.00003 -0.00002 -0.00003
18  0.00004 0.00042 0.00018
19  0.00007 -0.00106 -0.00041
20  -0.01539 0.11777 0.04931
21  0.03241 -0.23990 -0.09979
22  0.50351 -0.12102 0.06205
23  -0.47085 -0.14680 -0.17547
24  0.01125 -0.08627 -0.03591
25  0.27831 0.20341 -0.13739
26  -0.30184 -0.01706 0.21389
27  -0.02315 0.17717 0.07421
28  0.00002 0.00073 0.00026
29  -0.00074 0.00058 -0.00512
30  0.00003 -0.00000 0.00062
31  0.00050 -0.00301 0.00353
