1  -0.00633 0.04865 0.02015
2  0.02057 -0.16129 -0.06719
3  -0.01077 0.08403 0.03501
4  -0.01200 0.09480 0.03959
5  0.02441 -0.18955 -0.07917
6  0.03158 -0.24631 -0.10282
7  0.02192 -0.16864 -0.07095
8  0.00250 -0.01870 -0.00832
9  -0.01654 0.12963 0.05356
10  -0.02826 0.21868 0.09133
11  -0.02560 0.20278 0.08399
12  0.00993 -0.07944 -0.03287
13  -0.00763 0.05311 0.02256
14  0.00351 -0.02851 -0.01164
15  -0.00347 0.02458 0.01110
16  -0.00479 0.03624 0.01530
17  0.00987 -0.07832 -0.03274
18  -0.03707 0.29065 0.12124
19  0.01711 -0.13397 -0.05590
20  0.00115 -0.01275 -0.00416
21  -0.00085 -0.00899 -0.00253
22  0.00616 -0.01403 -0.00480
23  -0.00245 -0.01566 -0.00358
24  -0.00950 0.07399 0.02957
25  0.08975 0.21436 -0.14851
26  -0.12015 0.02349 0.24479
27  -0.03562 0.27473 0.11345
28  0.00591 -0.03257 -0.01390
29  -0.20508 0.01330 -0.21307
30  0.03929 -0.29184 -0.12373
31  0.22038 -0.09582 0.17918
