1  -0.01307 -0.01064 0.02261
2  0.08269 0.01780 -0.01525
3  0.06335 -0.02731 0.08358
4  0.01940 -0.03783 0.09623
5  -0.08539 0.00115 -0.02698
6  -0.19668 -0.01787 -0.01169
7  -0.06904 0.03057 -0.09672
8  -0.05927 0.03219 -0.09628
9  0.06019 0.00658 0.00513
10  0.19353 0.09093 -0.16033
11  0.18197 0.02971 -0.00895
12  0.09207 0.07792 -0.15730
13  -0.07453 0.05198 -0.14799
14  0.00688 0.04363 -0.10252
15  -0.09471 -0.10162 0.21455
16  0.16142 0.10140 -0.19344
17  -0.00857 0.04927 -0.12163
18  0.02518 -0.05545 0.13978
19  0.07007 -0.01566 0.05688
20  -0.13716 -0.02583 0.01988
21  -0.31197 -0.04663 0.01651
22  -0.07879 -0.05509 0.11261
23  -0.07823 -0.05842 0.11163
24  0.05012 -0.00848 0.03559
25  0.03162 -0.05605 0.15307
26  0.03027 -0.06143 0.15121
27  0.23236 0.03814 -0.02086
28  -0.05398 -0.09081 0.20122
29  -0.09731 -0.08165 0.16827
30  -0.05630 -0.12263 0.27721
31  -0.09726 -0.08287 0.16719
