1  -0.00059 0.00434 0.00158
2  0.00644 -0.05009 -0.02114
3  0.00185 -0.01481 -0.00631
4  -0.01573 0.12232 0.05090
5  -0.02161 0.16899 0.07057
6  -0.02526 0.19860 0.08289
7  -0.00734 0.05746 0.02419
8  -0.00170 0.01352 0.00588
9  0.00570 -0.04544 -0.01891
10  -0.01153 0.09121 0.03821
11  0.01577 -0.12550 -0.05225
12  0.00179 -0.01228 -0.00523
13  -0.00269 0.02504 0.01029
14  0.00148 -0.01149 -0.00468
15  -0.00349 0.02684 0.01153
16  -0.00336 0.02721 0.01145
17  0.00841 -0.06630 -0.02775
18  -0.01149 0.08935 0.03704
19  0.01470 -0.11482 -0.04808
20  -0.00303 0.02240 0.01013
21  0.01208 -0.09995 -0.04082
22  -0.06777 0.04724 0.13859
23  0.04351 0.14294 -0.05703
24  0.01345 -0.10833 -0.04541
25  0.09089 -0.10899 0.25569
26  -0.08863 0.08602 -0.26692
27  0.05547 -0.44207 -0.18430
28  0.01138 -0.08820 -0.03706
29  0.24163 -0.17602 -0.26584
30  -0.01560 0.12270 0.05079
31  -0.17294 -0.35779 0.04277
