1  -0.16640 0.02146 -0.10239
2  0.07163 -0.01402 0.05540
3  0.02740 -0.00979 0.03210
4  0.07079 0.05678 -0.11442
5  0.15612 0.09865 -0.18850
6  0.39357 0.14356 -0.22293
7  0.07254 -0.01537 0.05879
8  0.02230 0.01124 -0.02011
9  0.03514 0.02039 -0.03825
10  -0.03246 -0.07483 0.16838
11  0.12999 0.03721 -0.04880
12  -0.02019 0.01867 -0.05087
13  -0.02275 0.02957 -0.07787
14  0.04968 -0.04052 0.11259
15  0.14238 0.02728 -0.02171
16  -0.06607 -0.06126 0.12650
17  -0.20333 0.07300 -0.23754
18  -0.07773 -0.01479 0.01147
19  0.08055 -0.11990 0.31226
20  -0.05283 0.00321 -0.02385
21  -0.10054 -0.00214 -0.02569
22  -0.04092 -0.00295 -0.00325
23  -0.04107 -0.00467 -0.00399
24  -0.08932 -0.04835 0.08866
25  -0.07225 0.01099 -0.07613
26  -0.07442 0.03009 -0.06785
27  -0.33018 -0.11088 0.16525
28  -0.02096 -0.03366 0.07429
29  0.06038 -0.05241 0.11259
30  -0.00065 0.04445 -0.10655
31  0.05749 -0.03039 0.12188
