1  -0.03873 0.00524 -0.02446
2  -0.00763 0.00310 -0.00977
3  -0.00633 -0.00017 -0.00154
4  -0.00591 0.00720 -0.01907
5  -0.01047 -0.00345 0.00506
6  0.00207 -0.00137 0.00393
7  0.00748 -0.00029 0.00299
8  0.00775 0.00559 -0.01104
9  -0.00308 -0.00424 0.00922
10  0.59144 -0.22877 0.73041
11  0.00445 -0.00344 0.00962
12  0.01959 0.01375 -0.02685
13  0.02457 -0.02860 0.07607
14  -0.02501 0.00755 -0.02576
15  0.07333 -0.00691 0.03907
16  -0.13750 0.03905 -0.13591
17  0.01545 -0.00348 0.01309
18  0.02149 -0.00628 0.02164
19  0.00669 -0.00264 0.00838
20  -0.00651 -0.00145 0.00146
21  0.01918 0.00180 0.00165
22  0.01648 -0.00998 -0.01001
23  0.01297 0.01736 0.00135
24  0.00026 0.00039 -0.00085
25  -0.00097 -0.00328 0.00859
26  -0.00087 -0.00400 0.00831
27  -0.00827 -0.00204 0.00231
28  -0.00612 0.00046 -0.00297
29  0.00460 -0.00362 -0.01769
30  -0.00282 0.01362 -0.03374
31  0.00204 0.01582 -0.00958
