1  -0.02815 -0.02384 0.04847
2  -0.10243 -0.06398 0.12184
3  -0.01686 0.01699 -0.04592
4  -0.12883 0.02428 -0.09783
5  -0.04566 -0.01021 0.01055
6  0.14826 0.02547 -0.01565
7  -0.05236 -0.03611 0.07014
8  0.10175 -0.01060 0.05733
9  0.11916 0.00629 0.02143
10  0.13851 -0.03169 0.11867
11  0.16363 0.01269 0.02032
12  -0.01071 0.00596 -0.01762
13  0.00285 0.01583 -0.03708
14  -0.01714 -0.01420 0.02876
15  0.00285 0.00317 -0.00672
16  0.04316 0.00207 0.00832
17  0.00545 0.01593 -0.03648
18  0.05381 0.04722 -0.09640
19  -0.02675 -0.01099 0.01814
20  -0.07524 0.00251 -0.02977
21  -0.13727 -0.00347 -0.03261
22  -0.08123 0.00263 -0.01290
23  -0.07787 -0.00967 -0.01766
24  0.03475 0.02430 -0.04733
25  0.04519 0.01786 0.00411
26  0.04885 -0.00527 -0.00602
27  0.13946 0.05153 -0.08137
28  0.13363 -0.00357 0.04919
29  -0.28492 0.10231 -0.19237
30  0.07666 -0.24355 0.60836
31  -0.27229 0.00469 -0.23429
