1  -0.01821 -0.01170 0.02248
2  0.02114 0.00531 -0.00623
3  0.05766 0.01746 -0.02412
4  0.01105 -0.00710 0.02043
5  -0.04324 -0.00461 -0.00221
6  0.10325 0.02237 -0.02202
7  0.04234 0.01806 -0.03042
8  0.03009 -0.01305 0.04005
9  -0.07022 -0.00890 -0.00024
10  0.00556 -0.00144 0.00518
11  0.19070 0.03738 -0.03087
12  -0.00298 -0.00268 0.00550
13  0.00021 0.00100 -0.00233
14  -0.00682 -0.00141 0.00128
15  0.00307 -0.00010 0.00118
16  0.00080 0.00050 -0.00094
17  0.01143 0.00405 -0.00619
18  -0.01166 0.00424 -0.01375
19  -0.03140 -0.00779 0.00903
20  -0.00571 0.00027 -0.00420
21  -0.10642 -0.00252 -0.00361
22  0.04865 -0.02053 -0.05932
23  0.03339 0.07105 -0.03342
24  0.00074 -0.01705 0.04051
25  -0.22865 -0.15102 -0.25756
26  -0.27818 0.23599 -0.10073
27  0.27021 0.06101 -0.05541
28  -0.03424 -0.00929 0.01178
29  0.33701 -0.13024 -0.30961
30  -0.05233 -0.11506 0.25949
31  0.27193 0.37807 -0.09763
