1  -0.00033 0.00136 0.00079
2  -0.00020 0.00101 0.00031
3  0.00024 0.00108 0.00018
4  0.00017 -0.00064 -0.00009
5  -0.00061 0.00097 0.00051
6  0.00431 -0.02079 -0.00904
7  0.00018 0.00056 -0.00022
8  0.00017 -0.00030 0.00031
9  -0.00041 -0.00020 -0.00008
10  -0.00009 0.00076 0.00032
11  0.00130 0.00021 -0.00025
12  0.00004 -0.00015 -0.00005
13  -0.00001 0.00003 0.00001
14  -0.00006 0.00033 0.00011
15  0.00003 -0.00011 -0.00004
16  0.00001 -0.00006 -0.00002
17  0.00036 -0.00256 -0.00107
18  0.00175 -0.01198 -0.00518
19  0.00000 -0.00055 -0.00009
20  -0.00004 0.00021 0.00013
21  -0.00104 -0.00306 -0.00122
22  0.00006 0.00025 -0.00316
23  0.00124 0.00013 0.00135
24  -0.00021 0.00117 0.00053
25  -0.00055 0.00265 -0.00892
26  0.00151 -0.00502 0.00855
27  0.00106 -0.01347 -0.00531
28  0.00646 -0.05011 -0.02086
29  -0.43495 0.08945 -0.18519
30  -0.08556 0.67053 0.27807
31  0.41863 0.02267 0.23316
