1  0.09202 0.00852 0.00786
2  -0.07567 0.03123 -0.09814
3  -0.03431 -0.00626 0.00445
4  0.01598 0.00200 0.00012
5  -0.00744 -0.00112 0.00039
6  0.01241 0.00241 -0.00197
7  0.00366 0.00028 0.00046
8  -0.00267 -0.00031 -0.00007
9  0.01105 -0.00014 0.00374
10  0.26808 -0.08717 0.29149
11  -0.01311 -0.00550 0.00917
12  0.12661 -0.26875 0.68292
13  -0.06827 0.16300 -0.41153
14  -0.14427 0.00483 -0.05591
15  0.09878 -0.00211 0.03539
16  -0.04543 0.03033 -0.08668
17  -0.03080 -0.00489 0.00225
18  -0.03094 -0.00709 0.00749
19  0.06353 -0.00012 0.01984
20  0.00007 -0.00015 0.00039
21  -0.00102 -0.00053 0.00096
22  -0.00231 0.00123 -0.00087
23  -0.00206 -0.00072 -0.00168
24  -0.00041 0.00007 -0.00029
25  -0.00191 -0.00266 0.00227
26  -0.00222 -0.00019 0.00329
27  -0.00017 0.00026 -0.00067
28  0.00541 0.00042 0.00065
29  -0.01077 0.00457 -0.02077
30  0.00522 0.00371 -0.00724
31  -0.01134 0.00912 -0.01885
