1  -0.01410 0.11031 0.04587
2  -0.02207 0.17058 0.07120
3  0.01265 -0.09982 -0.04183
4  0.00497 -0.03950 -0.01671
5  -0.01747 0.13769 0.05763
6  -0.05307 0.41706 0.17412
7  0.02222 -0.17233 -0.07153
8  0.01284 -0.09825 -0.04064
9  -0.02883 0.22398 0.09340
10  0.01812 -0.14474 -0.05991
11  -0.07397 0.57368 0.23923
12  -0.01149 0.08766 0.03706
13  0.00432 -0.03281 -0.01325
14  0.00149 -0.01164 -0.00454
15  -0.00094 0.00956 0.00342
16  0.00256 -0.02288 -0.00897
17  0.00842 -0.06573 -0.02711
18  0.01000 -0.07847 -0.03327
19  0.02260 -0.17750 -0.07415
20  0.00102 -0.00410 -0.00163
21  -0.00064 0.01167 0.00493
22  -0.07241 0.03018 -0.00143
23  0.06474 0.03535 0.02839
24  -0.00147 0.00910 0.00356
25  0.11484 0.14275 -0.07546
26  -0.13612 0.01988 0.14217
27  -0.01323 0.09707 0.04046
28  -0.00119 0.01029 0.00349
29  0.04721 0.00211 0.06850
30  -0.00940 0.07450 0.03014
31  -0.05218 0.03983 -0.05247
