1  -0.01776 0.00535 -0.01827
2  -0.02422 -0.00278 -0.00076
3  -0.00219 0.00594 -0.01486
4  -0.05385 -0.01947 0.03010
5  0.05186 0.01942 -0.03043
6  -0.17615 -0.02025 -0.00444
7  0.00279 -0.02234 0.05044
8  -0.05249 -0.00007 -0.02124
9  0.03054 0.00465 -0.00156
10  -0.00794 0.00317 -0.01001
11  -0.04640 -0.00813 0.00639
12  0.00038 -0.00016 0.00049
13  -0.00053 0.00086 -0.00224
14  -0.00036 0.00070 -0.00178
15  -0.00299 -0.00039 0.00002
16  0.00415 -0.00126 0.00430
17  0.01835 -0.00077 0.00747
18  0.01521 -0.00072 0.00633
19  0.01753 0.00011 0.00508
20  0.01536 -0.02757 0.05062
21  -0.42026 0.02782 0.06757
22  0.30849 -0.12655 -0.40957
23  0.18726 0.49766 -0.29178
24  -0.00396 0.00476 -0.02830
25  0.08553 0.03543 0.17310
26  0.09935 -0.07613 0.01028
27  -0.08860 0.05877 0.03391
28  -0.01413 -0.00505 0.00747
29  0.09566 -0.04282 -0.11115
30  -0.01424 -0.01126 0.02682
31  0.07567 0.12770 -0.03902
