1  0.00066 -0.00537 -0.00218
2  -0.00012 0.00060 0.00028
3  0.00060 -0.00472 -0.00195
4  -0.00898 0.07007 0.02922
5  0.01918 -0.14941 -0.06236
6  -0.11202 0.87503 0.36493
7  -0.00162 0.01275 0.00531
8  -0.00122 0.00962 0.00401
9  0.00002 0.00001 0.00002
10  -0.00008 0.00090 0.00032
11  0.00203 -0.01545 -0.00643
12  0.00003 -0.00020 -0.00009
13  0.00001 -0.00005 -0.00003
14  -0.00024 0.00192 0.00080
15  0.00008 -0.00057 -0.00024
16  0.00008 -0.00035 -0.00019
17  -0.00014 0.00101 0.00047
18  0.00243 -0.01913 -0.00796
19  -0.00032 0.00220 0.00090
20  -0.00079 0.00615 0.00256
21  0.00221 -0.01744 -0.00727
22  0.03925 -0.01252 0.00987
23  -0.03634 -0.01009 -0.01925
24  -0.00284 0.02196 0.00918
25  -0.10009 -0.08584 0.05459
26  0.11087 0.00142 -0.08992
27  0.01038 -0.08113 -0.03380
28  0.00018 -0.00127 -0.00057
29  0.00970 -0.00373 0.00318
30  -0.00482 0.03783 0.01571
31  -0.00888 -0.00236 -0.00580
