1  0.05747 -0.00681 0.03381
2  0.02522 -0.00272 0.01033
3  -0.03950 -0.01347 0.02249
4  -0.04875 -0.00896 0.00860
5  -0.08974 -0.00837 -0.00885
6  -0.09612 -0.00899 -0.00920
7  -0.12466 -0.03420 0.04073
8  -0.11631 -0.02546 0.02400
9  -0.06628 -0.03080 0.05644
10  0.03813 0.01914 -0.03025
11  -0.07583 -0.03159 0.05713
12  0.06780 0.01177 -0.00914
13  0.19608 0.03482 -0.02212
14  0.09616 0.03150 -0.04613
15  0.13837 0.09058 -0.17438
16  0.05381 0.01214 -0.01191
17  0.08943 0.00802 0.00812
18  -0.02022 -0.00448 0.00765
19  0.00573 -0.01676 0.04007
20  -0.06923 0.05856 -0.16225
21  0.11530 0.08044 -0.16041
22  -0.12671 0.08671 -0.25258
23  -0.12574 0.09251 -0.25186
24  -0.01841 -0.08167 0.19079
25  -0.03199 -0.11799 0.28463
26  -0.03446 -0.12384 0.28239
27  0.13880 -0.04217 0.14276
28  -0.19270 -0.03866 0.03297
29  -0.25910 -0.02374 -0.01859
30  -0.20320 -0.10062 0.17519
31  -0.25680 -0.02730 -0.01839
