1  -0.01506 0.01575 -0.04242
2  -0.07421 -0.01284 0.00797
3  0.05866 -0.01387 0.05129
4  -0.07153 0.00847 -0.04228
5  0.01619 0.00328 -0.00292
6  -0.11504 -0.01970 0.01163
7  0.04079 0.00320 0.00545
8  -0.04173 -0.01583 0.02550
9  -0.00937 0.01051 -0.02810
10  -0.01721 0.00440 -0.01586
11  -0.03184 0.00881 -0.03092
12  0.01374 0.00297 -0.00290
13  -0.00208 0.00136 -0.00390
14  0.00698 0.00514 -0.01017
15  -0.00555 -0.00083 0.00028
16  0.00213 -0.00289 0.00758
17  0.01243 -0.00657 0.01958
18  0.04781 -0.00242 0.02052
19  0.04285 0.00411 0.00334
20  0.00883 0.00018 0.00396
21  -0.10301 -0.02076 -0.00332
22  0.07617 -0.02611 -0.08513
23  0.06474 0.08897 -0.02549
24  -0.00140 -0.01632 0.04075
25  -0.26401 -0.16336 -0.32519
26  -0.32015 0.27554 -0.12693
27  0.38211 0.07840 -0.09716
28  0.02073 0.00407 -0.00321
29  -0.26929 0.09586 0.22130
30  0.04331 0.11878 -0.27385
31  -0.22253 -0.27831 0.06469
