1  -0.00343 0.02722 0.01155
2  -0.00027 0.00204 0.00107
3  0.00293 -0.02251 -0.00923
4  0.00132 -0.00995 -0.00401
5  0.00130 -0.01062 -0.00445
6  0.00332 -0.02798 -0.01164
7  -0.00207 0.01582 0.00646
8  -0.00185 0.01417 0.00578
9  0.00164 -0.01207 -0.00500
10  0.00242 -0.02009 -0.00856
11  0.00230 -0.01614 -0.00672
12  -0.00037 0.00153 0.00072
13  -0.00102 0.00458 0.00204
14  -0.00087 0.00692 0.00275
15  0.00241 -0.01821 -0.00793
16  0.00064 -0.00586 -0.00255
17  -0.00494 0.03948 0.01651
18  -0.00223 0.01779 0.00762
19  0.00390 -0.03024 -0.01242
20  -0.00084 0.00780 0.00253
21  -0.03279 0.26235 0.10856
22  0.10769 -0.03271 -0.26139
23  -0.07453 -0.22764 0.15063
24  -0.00321 0.02679 0.01129
25  -0.14945 -0.05619 -0.21900
26  0.17748 -0.15985 0.12983
27  -0.03582 0.28466 0.11867
28  0.00506 -0.03998 -0.01645
29  0.36289 -0.16049 -0.18988
30  -0.03992 0.31142 0.13027
31  -0.30143 -0.32038 -0.01032
