1  0.00568 -0.00137 0.00503
2  0.01687 0.00459 -0.00581
3  -0.02889 0.00100 -0.01129
4  0.01632 0.00253 -0.00105
5  0.00968 -0.00354 0.01146
6  -0.00041 -0.00661 0.01572
7  -0.00936 0.00652 -0.01860
8  0.00698 0.00759 -0.01593
9  0.00043 -0.00796 0.01922
10  0.02024 -0.00413 0.01615
11  0.02781 -0.00484 0.02004
12  -0.01149 -0.00162 0.00036
13  0.00206 -0.00116 0.00342
14  -0.00270 -0.00428 0.00942
15  0.00014 0.00048 -0.00111
16  0.00112 0.00281 -0.00639
17  0.00062 0.00255 -0.00592
18  -0.01265 -0.00353 0.00456
19  0.00018 0.00073 -0.00168
20  0.08093 -0.00219 0.03046
21  -0.33471 -0.05123 0.01610
22  -0.31387 0.16388 -0.10514
23  -0.27870 -0.10630 -0.21585
24  -0.08128 -0.03597 0.06099
25  0.25951 0.33297 -0.19218
26  0.30648 -0.03524 -0.34743
27  0.37060 0.08528 -0.08724
28  0.00660 -0.00089 0.00416
29  -0.03489 0.00962 -0.02288
30  0.00964 0.01345 -0.02935
31  -0.03394 0.00196 -0.02605
