1  0.02071 0.05316 -0.11950
2  -0.00811 0.03025 -0.07497
3  0.21143 -0.02246 0.11912
4  0.17848 -0.00360 0.06283
5  -0.01700 0.03998 -0.10074
6  -0.11733 0.02248 -0.08805
7  -0.09159 0.01020 -0.05308
8  -0.03676 0.01586 -0.04884
9  0.21002 -0.05434 0.19434
10  -0.10733 -0.02944 0.04218
11  0.40580 -0.02079 0.17385
12  -0.02743 -0.04915 0.10804
13  0.01453 -0.04945 0.12328
14  -0.07192 -0.00485 -0.01078
15  -0.07705 0.00436 -0.03406
16  -0.07510 -0.04039 0.07360
17  -0.03755 0.02770 -0.07813
18  0.15764 0.04053 -0.04908
19  0.01269 0.04092 -0.09389
20  -0.12719 -0.01257 -0.00877
21  -0.30133 -0.03340 -0.01219
22  -0.06682 -0.04287 0.09171
23  -0.06668 -0.04991 0.08895
24  -0.08914 -0.03123 0.04740
25  -0.09635 -0.05313 0.10623
26  -0.09601 -0.05904 0.10407
27  -0.00189 -0.00918 0.02150
28  -0.05558 0.02991 -0.08891
29  -0.21102 0.06606 -0.19275
30  -0.08434 -0.08939 0.18833
31  -0.20822 0.04499 -0.20187
