1  0.00231 -0.01537 -0.00556
2  0.00680 -0.05265 -0.02094
3  0.00393 -0.02794 -0.01053
4  -0.00247 0.02069 0.00977
5  -0.00994 0.07462 0.03163
6  -0.01639 0.11984 0.05063
7  -0.00494 0.03683 0.01496
8  -0.00408 0.03438 0.01383
9  0.00024 0.00414 0.00200
10  -0.00634 0.04335 0.01703
11  0.00239 -0.00634 -0.00250
12  -0.00008 -0.00590 -0.00221
13  -0.00611 0.03116 0.01348
14  -0.00022 0.00293 0.00037
15  0.00073 -0.00222 -0.00278
16  -0.00239 0.01457 0.00538
17  -0.00079 0.01134 0.00480
18  0.00171 -0.01060 -0.00331
19  0.00936 -0.07197 -0.02887
20  -0.00190 0.02246 0.00705
21  -0.04107 0.34144 0.13988
22  0.13380 -0.02800 -0.32543
23  -0.09438 -0.27329 0.19332
24  0.00788 -0.06891 -0.03008
25  -0.14258 -0.18673 -0.13705
26  0.18937 -0.19120 -0.02447
27  -0.00850 0.05189 0.02067
28  -0.00059 0.00922 0.00493
29  -0.33778 0.11996 0.13591
30  0.04191 -0.32249 -0.13369
31  0.29186 0.24875 0.02025
