1  -0.03670 -0.03374 0.06976
2  -0.02418 -0.02290 0.04765
3  0.01584 -0.02277 0.05852
4  -0.03017 0.02763 -0.07470
5  -0.11977 0.11109 -0.30327
6  -0.12506 0.11166 -0.30808
7  -0.10296 0.02767 -0.09782
8  -0.05972 -0.06264 0.13190
9  0.00178 -0.12704 0.30544
10  0.00417 0.02346 -0.05653
11  -0.08004 -0.14433 0.32250
12  -0.01034 0.00911 -0.02571
13  0.00974 0.01538 -0.03369
14  0.03757 0.00600 -0.00527
15  0.03939 -0.00038 0.01368
16  0.01997 0.01729 -0.03442
17  -0.00305 -0.01104 0.02620
18  -0.08981 -0.01701 0.01285
19  -0.01770 -0.02249 0.04880
20  0.15726 -0.01589 0.08634
21  0.31131 0.00133 0.09213
22  0.11686 0.00463 0.02074
23  0.11685 0.00766 0.02190
24  0.12227 0.07058 -0.13184
25  0.11259 0.04676 -0.07639
26  0.11237 0.04605 -0.07669
27  0.24182 0.10297 -0.17302
28  0.00351 0.02590 -0.06097
29  0.09611 0.00386 0.01452
30  0.01948 0.09525 -0.22220
31  0.09545 0.00795 0.01606
