1  -0.15506 -0.10801 0.21126
2  -0.04657 0.02754 -0.08034
3  0.02496 -0.03820 0.09927
4  0.11391 0.08248 -0.16275
5  -0.05781 -0.05025 0.10270
6  -0.01434 -0.04826 0.11142
7  -0.10391 -0.03098 0.04238
8  0.04075 0.05854 -0.12786
9  0.00672 -0.00519 0.01447
10  -0.23444 0.01104 -0.09896
11  -0.51494 -0.09816 0.07729
12  0.17093 0.02959 -0.01831
13  -0.03134 -0.00254 -0.00355
14  0.04794 0.08088 -0.17904
15  0.03889 -0.00902 0.03355
16  -0.07819 -0.04381 0.08092
17  -0.07282 -0.02293 0.03257
18  0.14329 0.08170 -0.15181
19  0.00011 -0.01329 0.03190
20  -0.00603 -0.01968 0.04542
21  0.07789 -0.00682 0.03963
22  -0.02515 -0.00245 -0.15390
23  -0.03870 0.10395 -0.10938
24  0.03867 0.00617 -0.00296
25  0.02687 0.01758 -0.08860
26  0.02193 0.05598 -0.07273
27  0.04020 0.00836 -0.00743
28  -0.04405 -0.03975 0.08175
29  0.16141 -0.09876 -0.09989
30  -0.00398 0.12731 -0.30657
31  0.12667 0.17203 0.01280
