1  -0.05851 0.01541 -0.05552
2  0.02020 -0.02343 0.06226
3  -0.02789 -0.06089 0.13704
4  -0.14246 -0.06649 0.11579
5  -0.12899 -0.06841 0.12463
6  -0.24357 -0.08852 0.13800
7  -0.02375 0.03101 -0.08198
8  0.10059 0.05961 -0.11108
9  0.09430 0.04691 -0.08420
10  0.02793 0.03098 -0.06618
11  0.24150 0.07128 -0.09812
12  0.03766 -0.02454 0.07045
13  0.05297 -0.02683 0.08055
14  -0.00112 0.02560 -0.06160
15  -0.01017 0.01158 -0.03089
16  0.06244 0.01886 -0.02598
17  -0.05191 0.03317 -0.09528
18  -0.11703 0.02825 -0.10365
19  -0.00542 -0.08765 0.20893
20  0.10145 -0.00853 0.05186
21  -0.11257 -0.03496 0.04952
22  0.17140 -0.04372 0.16851
23  0.17139 -0.05202 0.16524
24  0.09169 0.00665 0.01195
25  0.07033 -0.05126 0.15645
26  0.07054 -0.05935 0.15307
27  0.31214 0.06347 -0.05694
28  -0.04470 0.08786 -0.22432
29  -0.00635 0.07800 -0.18117
30  -0.04107 0.11099 -0.27866
31  -0.00570 0.07255 -0.18344
