1  0.01276 0.00800 -0.01526
2  0.01006 0.00460 -0.00794
3  -0.01643 0.00574 -0.01872
4  -0.00471 0.01736 -0.04313
5  0.09230 -0.01559 0.06527
6  0.24352 0.01175 0.04865
7  0.01929 0.01337 -0.02431
8  -0.00019 -0.00060 0.00129
9  -0.01109 -0.03431 0.07866
10  -0.00100 -0.00247 0.00560
11  -0.08882 -0.04904 0.09196
12  0.00066 -0.00042 0.00120
13  -0.00074 -0.00201 0.00457
14  -0.00004 0.00260 -0.00623
15  -0.00482 -0.00076 0.00035
16  -0.00169 -0.00204 0.00436
17  0.00776 0.00013 0.00207
18  -0.03262 0.01018 -0.03451
19  -0.00075 -0.00795 0.01879
20  0.00876 0.02442 -0.05612
21  -0.27447 -0.01048 -0.05833
22  0.09769 -0.02174 0.14731
23  0.10414 -0.06723 0.12871
24  -0.09791 0.02367 -0.08865
25  -0.10491 -0.10629 0.38115
26  -0.09528 -0.21754 0.33800
27  0.49765 0.17603 -0.26631
28  -0.01765 -0.02000 0.04267
29  0.07345 -0.04257 0.07969
30  -0.00385 0.03702 -0.08996
31  0.06945 -0.01134 0.09313
