1  0.00013 -0.00001 0.00007
2  -0.00038 -0.00007 0.00006
3  0.00283 0.00022 0.00034
4  -0.00007 -0.00024 0.00056
5  -0.00075 0.00155 -0.00394
6  0.00931 -0.01844 0.04706
7  0.00035 -0.00021 0.00061
8  -0.00310 -0.00106 0.00159
9  -0.01389 0.03128 -0.07931
10  -0.00011 -0.00002 0.00001
11  0.16489 -0.35688 0.90681
12  0.00002 0.00006 -0.00015
13  0.00001 -0.00002 0.00006
14  0.00009 0.00003 -0.00004
15  -0.00004 -0.00000 -0.00001
16  -0.00000 -0.00001 0.00002
17  -0.00016 -0.00006 0.00010
18  -0.00000 0.00004 -0.00011
19  0.00005 0.00003 -0.00006
20  0.00013 0.00098 -0.00232
21  0.00294 -0.01088 0.02704
22  -0.00008 -0.00289 0.00041
23  -0.00067 0.00167 0.00231
24  -0.00023 0.00006 -0.00020
25  0.00096 -0.00094 -0.00037
26  0.00069 0.00111 0.00048
27  0.00103 -0.00069 0.00198
28  -0.00999 -0.00134 0.00016
29  0.00545 0.02161 -0.00092
30  0.10380 0.00767 0.01345
31  0.00988 -0.01290 -0.01532
