1  -0.30445 0.01155 -0.12121
2  0.42038 -0.00206 0.13417
3  0.15873 -0.03085 0.12281
4  -0.19023 0.04474 -0.16576
5  0.21535 0.00940 0.04361
6  -0.38944 -0.10071 0.12184
7  -0.18910 0.01668 -0.09814
8  0.09692 -0.01040 0.05477
9  -0.11333 -0.00327 -0.02700
10  0.00564 0.00164 -0.00211
11  0.09196 0.03218 -0.04893
12  -0.08808 -0.04974 0.09209
13  0.00405 0.02958 -0.06962
14  -0.06826 0.00420 -0.03105
15  0.02258 -0.00308 0.01433
16  0.03291 -0.00510 0.02236
17  0.16631 0.00363 0.04240
18  0.14994 -0.00592 0.06025
19  -0.28997 -0.00856 -0.06865
20  -0.01309 0.00091 -0.00622
21  -0.00205 0.00116 -0.00340
22  -0.03284 0.01194 0.01452
23  -0.02801 -0.02533 -0.00103
24  0.01797 0.00216 0.00033
25  0.11326 0.07938 0.04687
26  0.13146 -0.06244 -0.01239
27  -0.16389 -0.04465 0.05678
28  -0.02597 0.00275 -0.01461
29  0.01498 -0.00554 0.10164
30  -0.01857 0.02440 -0.06361
31  0.02280 -0.06424 0.07736
