1  0.00640 -0.04883 -0.02035
2  0.02466 -0.19147 -0.07985
3  -0.00444 0.03467 0.01446
4  0.00599 -0.04667 -0.01943
5  0.00187 -0.01496 -0.00616
6  0.01360 -0.10705 -0.04454
7  -0.00954 0.07467 0.03103
8  -0.02015 0.15793 0.06576
9  -0.02893 0.22565 0.09392
10  -0.00882 0.06953 0.02893
11  -0.03487 0.27251 0.11344
12  0.00639 -0.04884 -0.02038
13  -0.00907 0.07179 0.02997
14  -0.00549 0.04421 0.01838
15  0.00828 -0.06297 -0.02644
16  -0.00318 0.02581 0.01074
17  -0.02368 0.18602 0.07759
18  0.01606 -0.12478 -0.05205
19  0.01579 -0.12245 -0.05102
20  0.01630 -0.13048 -0.05302
21  0.05563 -0.44907 -0.18569
22  0.16821 -0.20594 0.20556
23  -0.13728 -0.03418 -0.30104
24  0.00130 -0.01619 -0.00781
25  0.01565 -0.03176 0.10688
26  -0.01944 0.05114 -0.10256
27  0.01713 -0.14868 -0.06262
28  -0.00295 0.02302 0.00961
29  0.16003 -0.02056 0.06881
30  -0.02682 0.20947 0.08755
31  -0.15744 -0.00015 -0.07751
