1  0.08271 0.07406 -0.15213
2  0.04015 0.06866 -0.15220
3  0.01406 -0.00804 0.02358
4  -0.11157 0.02025 -0.08291
5  -0.05380 0.00715 -0.03356
6  0.11665 0.03940 -0.05884
7  0.00687 -0.02910 0.07147
8  0.03432 0.01659 -0.02966
9  0.06128 -0.01696 0.05979
10  -0.12901 0.07127 -0.21039
11  0.14816 -0.00433 0.05433
12  -0.00957 -0.02054 0.04634
13  0.01195 -0.03169 0.07963
14  0.00690 0.01494 -0.03372
15  -0.02836 -0.00708 0.00826
16  -0.00723 0.02680 -0.06646
17  0.04495 -0.04606 0.12418
18  -0.10776 0.04402 -0.13881
19  -0.04749 -0.03636 0.07259
20  -0.01277 0.02375 -0.06045
21  -0.35016 -0.01819 -0.06435
22  0.07285 -0.02435 0.14960
23  0.07768 -0.07295 0.12921
24  0.08064 -0.00752 0.04320
25  0.09175 0.08642 -0.27368
26  0.08431 0.15264 -0.24657
27  -0.32358 -0.10974 0.16384
28  0.01487 -0.07561 0.18605
29  0.12106 -0.10069 0.21503
30  0.03376 0.00831 -0.00964
31  0.11541 -0.05660 0.23416
