1  0.20760 0.02694 -0.00007
2  0.15160 0.02667 -0.01673
3  -0.00038 -0.04721 0.11455
4  0.03630 -0.01217 0.04193
5  0.00813 -0.01642 0.04123
6  -0.07102 -0.03104 0.04972
7  0.00367 0.00802 -0.01808
8  -0.08084 0.00261 -0.03086
9  -0.00882 -0.01796 0.03972
10  0.00560 -0.09426 0.22781
11  0.08944 -0.00148 0.02828
12  -0.06174 0.09359 -0.24315
13  -0.11434 0.09752 -0.26892
14  -0.04355 -0.08220 0.18356
15  -0.01534 -0.02712 0.06029
16  -0.14737 -0.03942 0.04912
17  0.12018 -0.11583 0.31441
18  0.08751 0.08026 -0.16688
19  0.07466 -0.08634 0.22882
20  -0.13860 0.00082 -0.04455
21  -0.13549 0.00156 -0.04541
22  -0.13583 0.00006 -0.04478
23  -0.13607 0.00213 -0.04395
24  0.01577 0.00694 -0.01177
25  0.01593 0.00765 -0.01338
26  0.01568 0.00783 -0.01345
27  0.01240 0.00619 -0.01134
28  -0.02575 0.09364 -0.23237
29  -0.09295 0.10972 -0.27594
30  -0.04797 0.02496 -0.07422
31  -0.09178 0.09952 -0.28120
