1  0.00273 0.02092 -0.04932
2  0.01229 -0.01619 0.04260
3  0.02630 -0.00099 0.01044
4  0.07432 0.00994 -0.00102
5  -0.01124 -0.01537 0.03341
6  0.42556 0.06030 -0.01370
7  -0.14116 -0.07522 0.13706
8  -0.15375 -0.00583 -0.03337
9  -0.04623 0.01842 -0.05835
10  0.22352 -0.05643 0.20414
11  0.64004 0.14262 -0.14557
12  -0.15153 -0.01823 -0.00296
13  0.00992 0.00968 -0.02016
14  0.02348 0.04707 -0.10558
15  0.01600 0.00050 0.00372
16  0.08780 -0.00851 0.04743
17  -0.09016 -0.03506 0.05631
18  0.02339 0.00736 -0.01044
19  0.03939 0.01306 -0.01919
20  0.06764 0.00311 0.01346
21  0.07655 0.00156 0.01931
22  0.08124 -0.00766 0.07055
23  0.08339 -0.02689 0.06263
24  0.05318 0.03101 -0.05803
25  0.06603 0.04296 -0.05534
26  0.06845 0.02374 -0.06330
27  0.17285 0.06447 -0.10161
28  -0.02299 -0.00607 0.00745
29  0.05663 -0.02787 0.02659
30  -0.01804 0.01912 -0.05116
31  0.05145 0.01258 0.04330
