1  0.06551 0.01044 -0.00489
2  -0.02072 0.01718 -0.04752
3  0.00521 -0.00961 0.02468
4  -0.04193 0.00353 -0.02134
5  0.00893 0.01049 -0.02257
6  0.12476 0.03250 -0.03860
7  0.00632 0.00509 -0.00998
8  0.04490 -0.00736 0.03256
9  0.08326 0.02724 -0.04011
10  0.09686 -0.05565 0.16316
11  0.29165 0.06503 -0.06439
12  0.01310 0.00405 -0.00567
13  -0.01385 -0.00349 0.00409
14  -0.01226 0.01557 -0.04107
15  -0.04046 -0.00457 -0.00148
16  0.01362 -0.02422 0.06220
17  0.07970 0.01662 -0.01534
18  -0.05076 -0.00062 -0.01423
19  -0.04635 -0.01113 0.01244
20  -0.07584 -0.04951 0.09433
21  0.52235 0.02672 0.09797
22  -0.24500 0.04257 -0.31917
23  -0.25425 0.14297 -0.27679
24  -0.03570 0.00457 -0.02244
25  -0.03056 -0.03014 0.11918
26  -0.02683 -0.06959 0.10368
27  0.16359 0.05529 -0.08178
28  -0.03689 -0.01622 0.02772
29  0.12184 -0.05587 0.11777
30  -0.01293 0.07757 -0.19010
31  0.11703 -0.01860 0.13377
