1  0.07383 0.07134 -0.14827
2  0.18202 0.04364 -0.04874
3  0.00849 0.03626 -0.08458
4  -0.07155 -0.02431 0.03644
5  -0.15360 -0.05061 0.07378
6  -0.31630 -0.08021 0.09715
7  -0.07631 -0.00111 -0.02068
8  -0.04812 -0.03847 0.07769
9  -0.12156 -0.01254 -0.00679
10  -0.15420 -0.07417 0.12949
11  -0.42162 -0.06493 0.02309
12  -0.02228 -0.01073 0.01899
13  -0.01428 -0.01099 0.02191
14  -0.02288 -0.00811 0.01256
15  -0.01961 -0.00424 0.00412
16  -0.14857 -0.07173 0.12613
17  0.00973 0.07071 -0.16651
18  0.06624 0.02820 -0.04726
19  0.18904 0.00920 0.03616
20  0.05816 -0.01362 0.05031
21  0.30197 0.01569 0.05504
22  -0.01490 0.02419 -0.09109
23  -0.01665 0.04451 -0.08270
24  0.09470 0.04909 -0.08873
25  0.08658 0.01636 0.00367
26  0.08785 0.00510 -0.00124
27  0.25215 0.09069 -0.14071
28  0.03695 -0.04693 0.12384
29  -0.08466 -0.01774 0.03416
30  0.02287 -0.12049 0.29590
31  -0.08294 -0.03004 0.02906
