1  -0.05901 -0.08284 0.18047
2  -0.02245 0.06418 -0.16078
3  0.09383 0.02717 -0.03630
4  0.05490 -0.03055 0.09012
5  0.15436 0.01545 0.01037
6  -0.22387 -0.05466 0.06218
7  -0.14526 -0.00183 -0.04025
8  -0.14435 -0.06554 0.11280
9  0.08728 0.05426 -0.10327
10  0.19089 -0.02109 0.10953
11  -0.18667 0.01259 -0.08760
12  -0.12339 -0.02157 0.01376
13  0.01907 -0.00889 0.02717
14  -0.04420 -0.05472 0.11751
15  -0.01119 0.00472 -0.01475
16  0.05203 0.02825 -0.05169
17  0.10410 0.04393 -0.07330
18  -0.07888 0.04248 -0.12606
19  -0.00987 -0.02644 0.06035
20  0.04529 0.01361 -0.01877
21  -0.01288 0.00358 -0.01222
22  -0.02338 0.03134 0.15617
23  -0.00208 -0.13566 0.08641
24  0.04276 0.00956 -0.00978
25  -0.06380 -0.06576 -0.07715
26  -0.08307 0.08508 -0.01428
27  -0.03498 -0.00847 0.00937
28  0.03520 -0.04120 0.10961
29  -0.19387 0.00931 -0.29981
30  0.08403 0.17957 -0.40501
31  -0.21361 0.16204 -0.23617
