1  0.00590 -0.04574 -0.01903
2  0.01020 -0.07948 -0.03310
3  0.01677 -0.13057 -0.05438
4  0.01160 -0.09032 -0.03761
5  0.01236 -0.09654 -0.04021
6  0.01557 -0.12167 -0.05068
7  0.00573 -0.04476 -0.01864
8  -0.00157 0.01244 0.00520
9  0.00989 -0.07681 -0.03198
10  -0.01355 0.10510 0.04377
11  0.00825 -0.06394 -0.02662
12  -0.00317 0.02433 0.01015
13  -0.01381 0.10666 0.04453
14  0.00011 -0.00070 -0.00036
15  0.00025 -0.00161 -0.00082
16  -0.00521 0.04030 0.01677
17  0.00328 -0.02512 -0.01049
18  0.00105 -0.00782 -0.00319
19  0.01600 -0.12471 -0.05195
20  -0.02721 0.21312 0.08870
21  -0.02643 0.20802 0.08658
22  -0.19110 0.28463 0.13119
23  0.11291 0.32691 0.12329
24  0.00342 -0.02760 -0.01160
25  0.06042 0.00827 0.06146
26  -0.06627 0.03583 -0.04349
27  0.01384 -0.11031 -0.04603
28  -0.02759 0.21497 0.08974
29  0.16629 0.16634 0.20075
30  -0.05464 0.42613 0.17803
31  -0.21578 0.21806 -0.04044
