1  -0.06178 0.06431 -0.17317
2  -0.05644 -0.07737 0.16813
3  -0.09082 0.10325 -0.27554
4  0.06290 -0.08189 0.21566
5  0.17692 0.01278 0.02375
6  0.23634 0.02067 0.02294
7  -0.23446 0.03279 -0.15074
8  -0.06663 -0.07289 0.15438
9  0.17552 0.02699 -0.01072
10  -0.29924 -0.00207 -0.08758
11  0.17491 0.02803 -0.01359
12  0.33024 0.05469 -0.02948
13  -0.04092 0.00406 -0.02232
14  0.05793 0.08587 -0.18792
15  0.01672 -0.01444 0.03972
16  -0.16244 -0.04731 0.06339
17  0.01603 -0.04159 0.10458
18  -0.04292 -0.00225 -0.00776
19  -0.07487 -0.02890 0.04628
20  0.02227 0.01059 -0.01862
21  -0.08920 -0.00512 -0.01476
22  -0.03834 0.02605 0.11456
23  -0.02137 -0.10611 0.05939
24  0.06012 -0.00572 0.03218
25  -0.07099 -0.04912 -0.24099
26  -0.10112 0.18707 -0.14270
27  -0.05735 -0.03023 0.05519
28  -0.00769 -0.00796 0.01668
29  -0.02835 -0.00520 -0.01204
30  -0.00323 0.03111 -0.07521
31  -0.02975 0.00594 -0.00749
