1  0.00821 -0.06436 -0.02671
2  0.00229 -0.01838 -0.00757
3  -0.03972 0.30907 0.12899
4  0.03551 -0.27689 -0.11564
5  -0.00793 0.06085 0.02478
6  -0.05608 0.43583 0.18120
7  0.00912 -0.07226 -0.03031
8  -0.00867 0.06663 0.02807
9  0.00647 -0.05158 -0.02095
10  -0.04337 0.33957 0.14161
11  0.05562 -0.43678 -0.18146
12  -0.02330 0.18212 0.07596
13  0.00662 -0.05160 -0.02159
14  -0.03129 0.24409 0.10187
15  0.00925 -0.07231 -0.03021
16  0.01610 -0.12423 -0.05192
17  0.00747 -0.05829 -0.02419
18  -0.00965 0.07457 0.03112
19  0.01320 -0.10361 -0.04311
20  -0.00076 0.00867 0.00377
21  -0.00030 0.00756 0.00330
22  0.03144 -0.00558 0.01006
23  -0.02968 -0.00346 -0.01378
24  0.00147 -0.01021 -0.00453
25  0.03892 0.03184 -0.02898
26  -0.04186 -0.00688 0.03910
27  -0.00004 0.00355 0.00111
28  -0.00100 0.00809 0.00325
29  -0.00966 0.00476 -0.06768
30  0.00217 -0.01645 -0.00724
31  0.01469 -0.04204 0.05203
