1  -0.01402 0.10741 0.04482
2  -0.01433 0.11033 0.04608
3  -0.03288 0.25624 0.10676
4  -0.03601 0.28044 0.11697
5  0.01326 -0.10352 -0.04315
6  0.06483 -0.50529 -0.21075
7  0.00156 -0.01197 -0.00502
8  -0.00175 0.01406 0.00585
9  0.01085 -0.08456 -0.03532
10  0.00532 -0.04134 -0.01758
11  0.05390 -0.42082 -0.17548
12  -0.00313 0.02485 0.01070
13  0.00062 -0.00381 -0.00123
14  0.00033 -0.00199 -0.00110
15  -0.00001 0.00028 0.00003
16  0.00100 -0.00625 -0.00270
17  0.00491 -0.03929 -0.01683
18  0.02897 -0.22696 -0.09446
19  0.02708 -0.21181 -0.08858
20  -0.00066 0.00580 0.00247
21  -0.00560 0.04424 0.01848
22  -0.01160 0.01156 -0.01990
23  0.01076 -0.00356 0.02334
24  -0.00095 0.00809 0.00331
25  0.02389 0.04359 -0.04156
26  -0.02873 -0.00459 0.05780
27  -0.00907 0.07157 0.02977
28  -0.00124 0.00972 0.00433
29  0.03675 0.01932 0.24068
30  -0.00962 0.07534 0.03161
31  -0.06135 0.17367 -0.15951
