1  -0.00000 0.00001 0.00000
2  0.00000 -0.00001 -0.00000
3  0.00000 -0.00001 -0.00000
4  0.00000 -0.00003 -0.00001
5  0.00003 -0.00025 -0.00010
6  0.00003 -0.00025 -0.00014
7  0.00005 -0.00043 -0.00018
8  -0.00002 0.00021 0.00008
9  0.00001 -0.00004 -0.00002
10  0.00000 -0.00001 -0.00000
11  -0.00000 0.00001 0.00000
12  0.00000 -0.00000 -0.00000
13  -0.00000 0.00000 -0.00000
14  -0.00000 -0.00000 -0.00000
15  0.00000 0.00000 0.00000
16  -0.00000 0.00000 0.00000
17  -0.00000 0.00000 0.00000
18  -0.00000 0.00001 0.00001
19  -0.00000 0.00001 0.00000
20  -0.00094 0.00731 0.00304
21  -0.00036 0.00281 0.00123
22  -0.02393 -0.05606 0.00007
23  0.03538 -0.03301 -0.03709
24  0.01072 -0.08346 -0.03492
25  -0.48262 0.49675 0.11612
26  0.35121 0.52175 0.30831
27  0.00294 -0.01887 -0.00627
28  -0.00001 0.00007 0.00003
29  -0.00022 -0.00063 0.00005
30  -0.00001 0.00004 0.00001
31  0.00035 -0.00035 -0.00046
