1  -0.01613 -0.02771 0.06142
2  0.00226 0.00892 -0.02072
3  0.08580 0.02855 -0.04208
4  0.04981 -0.00734 0.03291
5  -0.10793 -0.02474 0.02615
6  0.41352 0.07052 -0.04152
7  0.02752 0.04753 -0.10566
8  0.04635 -0.03606 0.10063
9  -0.10346 -0.00902 -0.01018
10  0.00692 -0.00290 0.00906
11  0.29870 0.06237 -0.05774
12  0.00534 -0.00053 0.00291
13  -0.00053 -0.00020 0.00031
14  -0.00495 0.00064 -0.00306
15  0.00729 0.00005 0.00212
16  -0.00301 0.00075 -0.00273
17  -0.00942 0.00284 -0.00966
18  0.02255 0.02643 -0.05617
19  -0.03153 -0.01332 0.02224
20  -0.00628 -0.00212 0.00277
21  -0.29268 -0.03200 -0.00733
22  0.14269 -0.05269 -0.21125
23  0.10726 0.21574 -0.10265
24  -0.00888 -0.00269 0.00333
25  0.11316 0.07272 0.13233
26  0.13737 -0.11663 0.05061
27  -0.21953 -0.05718 0.07456
28  0.01498 0.00594 -0.00866
29  -0.19994 0.08496 0.29821
30  0.02333 0.05713 -0.14310
31  -0.15539 -0.31008 0.13018
