1  -0.30839 0.04737 -0.20828
2  -0.28221 -0.01410 -0.05296
3  -0.06888 -0.06130 0.12578
4  0.19374 0.08238 -0.13796
5  -0.01929 -0.04419 0.10001
6  0.13930 -0.02150 0.09447
7  -0.11645 0.03756 -0.12592
8  0.09245 -0.01823 0.07219
9  -0.07717 -0.00478 -0.01226
10  -0.02480 0.02758 -0.07365
11  0.07659 0.01995 -0.02432
12  -0.05069 -0.00599 -0.00126
13  0.00336 0.00503 -0.01103
14  0.00016 -0.01836 0.04402
15  -0.05882 -0.00282 -0.01129
16  0.05860 -0.00404 0.02772
17  0.32331 0.01405 0.06567
18  -0.11162 -0.04131 0.06473
19  0.31006 0.02482 0.03583
20  -0.02046 0.00124 -0.00929
21  -0.03750 -0.00065 -0.00980
22  0.00784 -0.00841 -0.01162
23  0.00477 0.01562 -0.00173
24  0.01779 -0.00031 0.00613
25  0.13561 0.09115 0.06485
26  0.15730 -0.07805 -0.00625
27  -0.21991 -0.06174 0.08142
28  -0.00870 0.01246 -0.03252
29  0.17874 -0.03984 -0.04849
30  -0.04541 -0.15220 0.35083
31  0.16090 0.09950 0.00967
