1  -0.08355 -0.01551 0.01149
2  0.04837 0.00709 -0.00214
3  0.00262 0.00449 -0.00995
4  -0.00611 -0.00155 0.00184
5  -0.00522 -0.00004 -0.00151
6  0.00154 0.00117 -0.00233
7  0.00551 -0.00126 0.00472
8  -0.00231 0.00101 -0.00314
9  0.00277 -0.00009 0.00107
10  0.34675 -0.14485 0.45380
11  -0.00159 -0.00074 0.00129
12  0.01314 -0.04866 0.12066
13  -0.00586 0.02666 -0.06568
14  0.65372 0.02520 0.14039
15  -0.37983 -0.00361 -0.10797
16  -0.08807 0.01298 -0.05820
17  -0.03821 -0.00764 0.00657
18  0.03296 0.01046 -0.01495
19  -0.02968 -0.00504 0.00296
20  0.00034 0.00005 -0.00001
21  0.00167 0.00036 -0.00036
22  0.00208 -0.00138 0.00124
23  0.00184 0.00052 0.00203
24  -0.00048 0.00003 -0.00022
25  -0.00065 0.00052 -0.00039
26  -0.00056 -0.00022 -0.00069
27  0.00375 0.00084 -0.00087
28  -0.00325 -0.00030 -0.00027
29  0.01673 -0.00581 0.01781
30  -0.00612 -0.00894 0.01946
31  0.01658 -0.00493 0.01815
