1  0.03471 0.01148 -0.01688
2  -0.04322 -0.06021 0.13105
3  -0.03587 -0.00534 0.00176
4  0.02703 0.02362 -0.04836
5  -0.04155 -0.02277 0.04181
6  0.03019 -0.01261 0.03973
7  -0.07461 -0.03528 0.06170
8  -0.03625 -0.00009 -0.01095
9  0.00860 0.00351 -0.00575
10  -0.18653 0.09130 -0.27615
11  0.43658 0.07875 -0.05486
12  0.11563 0.01140 0.00826
13  0.00920 0.00211 -0.00221
14  -0.06103 -0.11345 0.25306
15  -0.01001 0.00919 -0.02509
16  -0.06437 0.04630 -0.13077
17  0.03636 0.04271 -0.09114
18  0.10534 0.03304 -0.04666
19  -0.00874 0.01645 -0.04212
20  0.01384 -0.00171 0.00842
21  0.04544 0.00116 0.01098
22  0.01451 -0.00301 0.01037
23  0.01428 -0.00216 0.01076
24  0.03776 0.01519 -0.02486
25  0.04259 0.02453 -0.04510
26  0.04261 0.02409 -0.04529
27  0.05630 0.02127 -0.03370
28  -0.10707 -0.02764 0.03306
29  0.28609 -0.12824 0.16712
30  -0.05808 0.16550 -0.41395
31  0.26538 0.03250 0.23267
