1  0.00045 -0.00308 -0.00135
2  0.00039 -0.00257 -0.00111
3  -0.00796 0.06189 0.02577
4  0.00029 -0.00274 -0.00114
5  -0.00031 0.00179 0.00077
6  0.00218 -0.01818 -0.00755
7  -0.00066 0.00481 0.00201
8  -0.00137 0.01049 0.00443
9  0.01870 -0.14630 -0.06097
10  0.00021 -0.00192 -0.00074
11  -0.11073 0.86330 0.35989
12  -0.00107 0.00838 0.00351
13  0.00024 -0.00191 -0.00078
14  0.00005 -0.00049 -0.00021
15  -0.00003 0.00007 0.00003
16  0.00011 -0.00118 -0.00044
17  -0.00007 0.00080 0.00028
18  -0.00021 0.00179 0.00071
19  0.00234 -0.01778 -0.00741
20  -0.00373 0.02941 0.01224
21  0.01179 -0.09075 -0.03780
22  0.16580 -0.04907 0.02453
23  -0.15285 -0.05201 -0.06664
24  -0.00128 0.01057 0.00438
25  -0.04496 -0.03910 0.02961
26  0.04960 0.00390 -0.04444
27  0.00374 -0.02857 -0.01194
28  0.00004 -0.00015 0.00000
29  -0.00022 0.00024 0.00345
30  0.00006 -0.00039 -0.00003
31  -0.00019 0.00260 -0.00221
