1  0.29684 0.04601 -0.01909
2  -0.02815 -0.02589 0.05342
3  0.09058 -0.07816 0.21527
4  0.02441 0.10880 -0.25337
5  0.04721 -0.04245 0.11629
6  -0.07252 -0.06774 0.14014
7  -0.10623 0.05789 -0.17150
8  -0.05829 -0.09103 0.20038
9  0.03512 0.05502 -0.12115
10  0.00666 -0.01406 0.03567
11  -0.15904 0.02641 -0.11221
12  0.06017 0.01994 -0.02927
13  -0.00316 -0.00904 0.02068
14  0.04349 0.00582 -0.00057
15  -0.00071 0.00208 -0.00520
16  -0.04202 0.00312 -0.02042
17  -0.18927 -0.01531 -0.02147
18  -0.11742 -0.05361 0.09236
19  -0.03332 0.01440 -0.04478
20  0.00492 0.00504 -0.01063
21  -0.22030 -0.02101 -0.01635
22  0.16675 -0.05893 -0.10032
23  0.14015 0.14643 -0.01539
24  0.00748 -0.00430 0.01255
25  0.12485 0.09728 0.03341
26  0.14531 -0.06253 -0.03365
27  -0.17173 -0.05060 0.06921
28  0.02809 -0.00458 0.01953
29  0.05884 -0.03990 -0.35133
30  0.02635 -0.03729 0.09921
31  0.01802 0.28594 -0.21474
