1  -0.00144 0.00715 -0.01759
2  0.01735 -0.04274 0.10779
3  -0.03870 -0.08595 0.19419
4  -0.06075 -0.07437 0.15960
5  0.03422 0.03928 -0.08362
6  0.63996 0.15290 -0.17004
7  -0.02053 0.01635 -0.04554
8  0.04579 -0.00171 0.01821
9  -0.00895 0.02273 -0.05730
10  0.08311 -0.02806 0.09287
11  -0.55491 -0.07264 0.00376
12  -0.02921 -0.00278 -0.00233
13  0.00580 0.00668 -0.01421
14  -0.00261 -0.00047 0.00031
15  0.00889 0.00019 0.00227
16  -0.00200 0.00286 -0.00747
17  -0.00651 0.00006 -0.00215
18  -0.00326 0.05476 -0.13221
19  0.06547 0.06161 -0.12759
20  -0.00586 0.00090 -0.00399
21  -0.06547 -0.00506 -0.00791
22  -0.03402 0.01351 -0.02556
23  -0.03240 0.00145 -0.03063
24  -0.00257 -0.00735 0.01685
25  -0.00798 0.00627 -0.05345
26  -0.01117 0.03140 -0.04284
27  -0.02066 -0.01072 0.01938
28  -0.02236 -0.02498 0.05285
29  0.09501 -0.05713 0.04274
30  -0.01645 0.00473 -0.01547
31  0.08406 0.02966 0.07849
