1  0.00539 -0.04208 -0.01755
2  0.00913 -0.07130 -0.02973
3  0.00475 -0.03704 -0.01540
4  0.01202 -0.09377 -0.03906
5  0.01067 -0.08330 -0.03470
6  0.01669 -0.13001 -0.05418
7  -0.00174 0.01358 0.00571
8  -0.01182 0.09227 0.03850
9  -0.00687 0.05370 0.02243
10  -0.00840 0.06514 0.02713
11  -0.01300 0.10147 0.04234
12  0.01241 -0.09691 -0.04043
13  0.02770 -0.21632 -0.09027
14  -0.02057 0.16037 0.06688
15  -0.04318 0.33696 0.14056
16  -0.00486 0.03764 0.01567
17  -0.00835 0.06524 0.02720
18  0.01793 -0.13983 -0.05830
19  0.00810 -0.06326 -0.02636
20  -0.02836 0.22166 0.09236
21  -0.03418 0.26786 0.11161
22  -0.10822 0.25795 0.06657
23  0.04376 0.24555 0.14313
24  -0.00589 0.04533 0.01885
25  0.05588 0.08722 0.08502
26  -0.08089 0.10699 -0.00433
27  0.00367 -0.03038 -0.01267
28  0.02905 -0.22602 -0.09426
29  -0.05765 -0.20317 -0.13499
30  0.04035 -0.31421 -0.13116
31  0.11220 -0.22041 -0.04156
