1  0.03211 0.02390 -0.04784
2  -0.13981 0.02939 -0.11336
3  -0.00338 -0.00755 0.01669
4  -0.02488 -0.02052 0.04218
5  -0.13543 -0.00328 -0.03326
6  -0.19055 -0.01396 -0.02412
7  -0.12394 0.01050 -0.06471
8  0.11794 0.05346 -0.09037
9  0.09234 0.04677 -0.08460
10  -0.21076 -0.01839 -0.01952
11  0.16495 0.05817 -0.09060
12  -0.15467 0.01156 -0.07501
13  -0.02892 0.04171 -0.10899
14  0.17971 -0.02196 0.10772
15  0.22069 -0.00997 0.09166
16  -0.12712 -0.05023 0.08121
17  0.05791 0.00556 0.00481
18  0.02510 -0.01047 0.03257
19  -0.15093 0.02184 -0.09843
20  0.18615 -0.00738 0.07523
21  -0.06617 -0.03903 0.07353
22  0.26780 -0.04887 0.21702
23  0.26770 -0.06208 0.21160
24  -0.08322 -0.04790 0.08900
25  -0.10442 -0.11111 0.25450
26  -0.10402 -0.12533 0.24990
27  0.16653 0.01618 0.01346
28  0.01363 -0.03313 0.08358
29  -0.00981 -0.02805 0.06496
30  0.01220 -0.04332 0.10771
31  -0.00977 -0.02853 0.06467
