1  0.00000 -0.00000 -0.00000
2  -0.00000 0.00000 0.00000
3  0.00000 -0.00002 -0.00001
4  0.00000 -0.00003 -0.00001
5  0.00001 -0.00008 -0.00003
6  0.00000 -0.00003 -0.00001
7  -0.00002 0.00014 0.00006
8  0.00003 -0.00026 -0.00011
9  0.00004 -0.00028 -0.00011
10  0.00000 -0.00001 -0.00001
11  0.00002 -0.00020 -0.00012
12  0.00000 -0.00000 -0.00000
13  -0.00000 0.00000 0.00000
14  0.00000 -0.00000 -0.00000
15  -0.00000 0.00000 0.00000
16  -0.00000 0.00000 0.00000
17  -0.00000 0.00000 0.00000
18  -0.00000 0.00001 0.00000
19  -0.00000 0.00002 0.00001
20  0.01069 -0.08373 -0.03494
21  0.00244 -0.01938 -0.00694
22  0.28629 0.64077 0.00888
23  -0.41659 0.38019 0.41591
24  0.00093 -0.00725 -0.00302
25  -0.04240 0.04251 0.01125
26  0.03108 0.04586 0.02566
27  0.00005 -0.00040 -0.00016
28  -0.00000 0.00002 0.00001
29  -0.00007 -0.00021 0.00002
30  -0.00000 0.00001 0.00000
31  0.00011 -0.00012 -0.00015
