1  -0.05244 -0.03785 0.07482
2  -0.05555 -0.00946 0.00629
3  -0.00243 -0.02337 0.05471
4  0.03602 -0.02326 0.06660
5  0.00288 0.01618 -0.03708
6  -0.09153 -0.00095 -0.02410
7  0.05306 0.06609 -0.14232
8  -0.01352 0.05091 -0.12606
9  0.03091 0.03096 -0.06486
10  -0.13726 -0.06804 0.12019
11  0.16136 0.05379 -0.07914
12  -0.05756 0.00726 -0.03481
13  0.29268 0.07043 -0.07891
14  -0.16694 -0.02313 0.00411
15  -0.11153 0.07269 -0.20837
16  -0.18093 -0.05086 0.06586
17  -0.06438 -0.04824 0.09587
18  0.01312 -0.05530 0.13616
19  -0.04842 -0.02054 0.03420
20  -0.08269 -0.02264 0.02908
21  -0.26218 -0.04428 0.02596
22  -0.02226 -0.05242 0.12341
23  -0.02214 -0.05574 0.12227
24  0.18340 0.04770 -0.05840
25  0.16720 0.00897 0.03291
26  0.16623 0.00781 0.03122
27  0.32458 0.08356 -0.10349
28  0.14248 -0.05035 0.16462
29  0.18953 -0.06105 0.19678
30  0.15205 -0.00272 0.05404
31  0.18841 -0.05557 0.19887
