1  -0.15007 -0.00219 -0.04085
2  0.21135 0.00964 0.04188
3  -0.19156 -0.02873 0.01000
4  0.16515 0.06207 -0.09806
5  -0.28017 -0.05183 0.03819
6  0.36553 0.06458 -0.04249
7  0.21683 0.02558 0.00529
8  -0.26053 -0.08188 0.11620
9  0.35235 0.07924 -0.08166
10  -0.00306 0.00506 -0.01303
11  -0.45376 -0.05854 0.00095
12  -0.05197 -0.01694 0.02460
13  0.00417 0.00745 -0.01656
14  -0.03279 -0.00435 0.00034
15  0.00771 -0.00061 0.00384
16  0.01749 -0.00131 0.00853
17  0.08915 0.00736 0.00976
18  0.00938 -0.00729 0.02036
19  -0.11154 -0.00297 -0.02718
20  0.03342 0.00477 -0.00114
21  -0.15115 -0.01733 -0.00466
22  0.12594 -0.03539 -0.05456
23  0.10971 0.08937 -0.00280
24  -0.02420 -0.00574 0.00632
25  -0.08927 -0.06051 -0.02982
26  -0.10256 0.04292 0.01326
27  0.11834 0.03152 -0.03909
28  -0.00341 0.00631 -0.01618
29  0.00933 0.00997 0.06131
30  -0.01068 -0.02547 0.05766
31  0.01666 -0.04776 0.03721
