1  0.00011 0.00005 -0.00007
2  0.00013 -0.00002 0.00009
3  0.00027 -0.00019 0.00054
4  -0.00246 -0.00084 0.00127
5  -0.01505 0.03092 -0.07876
6  0.18090 -0.35626 0.90968
7  0.00283 0.00037 -0.00002
8  0.00019 -0.00019 0.00053
9  0.00059 -0.00156 0.00393
10  0.00016 0.00004 -0.00004
11  -0.00782 0.01712 -0.04348
12  -0.00008 -0.00004 0.00006
13  0.00002 0.00001 -0.00003
14  -0.00005 0.00000 -0.00002
15  0.00004 -0.00000 0.00002
16  0.00002 -0.00001 0.00003
17  0.00006 0.00000 0.00001
18  0.00002 0.00021 -0.00049
19  -0.00016 0.00001 -0.00008
20  0.00012 0.00002 -0.00002
21  -0.00052 0.00028 -0.00084
22  -0.00063 -0.00098 -0.00019
23  -0.00084 0.00067 0.00049
24  -0.00103 0.00075 -0.00212
25  0.00159 -0.00282 0.00020
26  0.00095 0.00211 0.00225
27  0.00864 -0.01005 0.02673
28  0.00323 0.00100 -0.00140
29  -0.00914 -0.02660 0.00081
30  -0.02552 -0.00258 -0.00164
31  -0.01449 0.01553 0.01841
