1  -0.00076 0.00544 0.00214
2  -0.00004 0.00023 -0.00006
3  0.00015 -0.00174 -0.00098
4  -0.00135 0.01034 0.00405
5  -0.00271 0.02164 0.00882
6  -0.00418 0.03353 0.01377
7  -0.00097 0.00790 0.00324
8  -0.00036 0.00177 0.00071
9  0.00069 -0.00665 -0.00289
10  0.00230 -0.01688 -0.00682
11  0.00173 -0.01546 -0.00655
12  0.00023 -0.00066 -0.00029
13  -0.00098 0.01033 0.00427
14  0.00008 -0.00091 -0.00019
15  -0.00057 0.00382 0.00195
16  0.00223 -0.01669 -0.00681
17  -0.00113 0.00782 0.00329
18  -0.00049 0.00312 0.00110
19  0.00092 -0.00729 -0.00326
20  -0.00442 0.03244 0.01388
21  0.03688 -0.29363 -0.12195
22  -0.15906 0.09069 0.35960
23  0.10280 0.34731 -0.17582
24  0.00601 -0.04340 -0.01765
25  -0.24450 -0.20221 -0.34291
26  0.31279 -0.32588 0.12463
27  -0.03947 0.31706 0.13241
28  0.00222 -0.01852 -0.00791
29  -0.03915 -0.00655 -0.01155
30  0.00765 -0.06107 -0.02562
31  0.04016 -0.00403 0.00673
