1  -0.00631 0.04927 0.02058
2  -0.00380 0.02973 0.01241
3  0.00359 -0.02789 -0.01164
4  0.00132 -0.01031 -0.00431
5  0.00188 -0.01465 -0.00613
6  0.00078 -0.00601 -0.00253
7  0.00146 -0.01135 -0.00475
8  0.00064 -0.00499 -0.00210
9  0.00325 -0.02524 -0.01054
10  -0.06079 0.47325 0.19755
11  0.00373 -0.02901 -0.01211
12  -0.00669 0.05242 0.02192
13  0.04012 -0.31221 -0.13027
14  -0.00728 0.05641 0.02354
15  0.04104 -0.32042 -0.13384
16  -0.07417 0.57742 0.24100
17  -0.00476 0.03713 0.01553
18  -0.00172 0.01341 0.00560
19  0.00349 -0.02704 -0.01128
20  -0.00594 0.04642 0.01934
21  0.00361 -0.02848 -0.01187
22  -0.07815 0.07587 0.10713
23  0.05012 0.14348 -0.01569
24  0.00152 -0.01159 -0.00481
25  -0.02796 -0.02912 -0.04800
26  0.03782 -0.04748 0.01622
27  -0.00446 0.03566 0.01487
28  0.00336 -0.02631 -0.01096
29  -0.06343 -0.00712 -0.02108
30  0.01249 -0.09761 -0.04072
31  0.06510 -0.00600 0.01565
