1  -0.00022 0.00006 -0.00017
2  -0.00034 -0.00001 0.00004
3  0.00055 -0.00004 -0.00004
4  -0.00059 0.00005 0.00017
5  0.00006 -0.00031 -0.00037
6  -0.00151 0.00837 0.00330
7  0.00222 -0.01382 -0.00564
8  -0.00182 0.01164 0.00514
9  -0.00023 0.00055 0.00005
10  -0.00013 0.00006 -0.00011
11  0.00150 -0.00841 -0.00383
12  0.00008 -0.00003 -0.00000
13  -0.00002 0.00002 -0.00004
14  0.00000 0.00004 -0.00007
15  -0.00002 -0.00001 0.00001
16  0.00003 -0.00002 0.00006
17  0.00017 -0.00006 0.00009
18  0.00033 -0.00028 -0.00005
19  0.00007 0.00009 0.00014
20  -0.00414 0.03147 0.01323
21  0.05156 -0.41422 -0.17248
22  -0.09896 0.06881 -0.28574
23  0.11046 -0.12723 0.25852
24  0.00506 -0.03883 -0.01618
25  0.01140 -0.10855 0.36594
26  -0.02438 0.18223 -0.33540
27  -0.06433 0.50955 0.21213
28  -0.00008 -0.00071 -0.00013
29  -0.00457 0.00069 -0.00388
30  -0.00125 0.00896 0.00358
31  0.00594 0.00172 0.00247
