1  -0.01867 0.14671 0.06148
2  0.00013 -0.00045 0.00016
3  0.00320 -0.02702 -0.01153
4  0.00214 -0.01722 -0.00744
5  -0.00851 0.06800 0.02838
6  -0.02445 0.19394 0.08088
7  0.01924 -0.14899 -0.06194
8  -0.01911 0.14874 0.06220
9  0.00836 -0.06811 -0.02862
10  -0.09293 0.72268 0.30100
11  0.01558 -0.12780 -0.05343
12  0.01910 -0.14942 -0.06235
13  -0.00376 0.03057 0.01274
14  0.00509 -0.04000 -0.01701
15  -0.00044 0.00164 0.00088
16  0.00185 -0.01483 -0.00645
17  0.00167 -0.01161 -0.00484
18  0.00794 -0.06230 -0.02597
19  -0.00866 0.06844 0.02882
20  -0.00219 0.01806 0.00740
21  0.01040 -0.07685 -0.03216
22  0.18086 -0.06509 0.04300
23  -0.16566 -0.05297 -0.09276
24  0.00227 -0.01806 -0.00755
25  0.13060 0.12732 -0.09196
26  -0.14627 -0.00575 0.14227
27  -0.01057 0.08025 0.03355
28  0.00040 -0.00270 -0.00108
29  0.02331 -0.00484 0.04775
30  -0.00397 0.03168 0.01306
31  -0.02557 0.02510 -0.03901
