1  0.06046 0.04947 -0.10008
2  -0.05120 0.02298 -0.07073
3  -0.17532 -0.04750 0.05956
4  0.11440 0.01595 -0.00252
5  0.00904 0.05776 -0.13593
6  -0.07512 0.04249 -0.12582
7  -0.04495 0.01740 -0.05521
8  -0.00927 0.00533 -0.01586
9  -0.14520 0.01733 -0.08606
10  0.37595 -0.06513 0.27410
11  -0.13996 0.01751 -0.08455
12  0.17412 0.02094 0.00346
13  -0.05732 -0.02642 0.04561
14  -0.11793 -0.03518 0.04758
15  -0.11046 0.02082 -0.08369
16  0.17277 0.00793 0.03401
17  -0.00923 -0.01862 0.04199
18  0.19360 0.04019 -0.03689
19  -0.15381 -0.07167 0.12460
20  0.18008 0.00265 0.04893
21  0.16812 0.00006 0.05183
22  0.19009 -0.00169 0.06802
23  0.19077 -0.00561 0.06658
24  -0.07397 -0.02125 0.02820
25  -0.08347 -0.05067 0.10951
26  -0.08233 -0.06026 0.10557
27  0.03954 0.00742 -0.00557
28  0.03902 -0.02775 0.07841
29  -0.13671 0.01494 -0.05154
30  0.00962 -0.15102 0.36493
31  -0.13421 -0.00337 -0.05924
