1  0.03558 0.04712 -0.10204
2  -0.07429 -0.07793 0.16396
3  0.10467 0.05557 -0.10105
4  0.12199 0.01230 0.00800
5  -0.05192 -0.02427 0.04219
6  -0.52727 -0.11202 0.10666
7  0.02852 0.02331 -0.04713
8  0.05852 0.01512 -0.01825
9  0.01901 -0.01329 0.03768
10  0.26947 -0.04420 0.18910
11  -0.48042 -0.10104 0.09494
12  -0.12704 -0.01349 -0.00682
13  0.01635 0.01880 -0.04004
14  -0.00773 0.00228 -0.00786
15  -0.00070 0.00501 -0.01220
16  0.10807 0.01216 0.00413
17  -0.04637 -0.01931 0.03205
18  -0.01241 0.03421 -0.08559
19  -0.04203 -0.01488 0.02275
20  -0.03058 -0.01046 0.01567
21  0.05212 0.00107 0.01343
22  -0.05610 0.00574 -0.07943
23  -0.06032 0.03972 -0.06532
24  -0.00893 -0.01247 0.02714
25  -0.01383 -0.00938 -0.00474
26  -0.01594 0.00678 0.00191
27  -0.07057 -0.02884 0.04761
28  -0.04233 -0.03256 0.06464
29  0.13645 -0.07688 0.10431
30  -0.01126 0.10495 -0.25412
31  0.12527 0.00960 0.13857
