1  0.00032 -0.00223 -0.00096
2  0.00074 -0.00480 -0.00235
3  0.00031 -0.00243 -0.00095
4  0.00056 -0.00461 -0.00191
5  -0.00007 0.00076 0.00023
6  -0.00084 0.00937 0.00379
7  -0.00012 0.00095 0.00048
8  0.00007 -0.00021 -0.00004
9  -0.00015 0.00090 0.00032
10  -0.00002 -0.00110 -0.00054
11  0.00016 -0.00229 -0.00099
12  -0.00026 0.00238 0.00101
13  0.00005 -0.00052 -0.00014
14  -0.00005 0.00064 0.00015
15  -0.00001 -0.00014 -0.00004
16  -0.00001 -0.00035 -0.00009
17  -0.00012 0.00137 0.00063
18  -0.00942 0.07265 0.03055
19  -0.00024 0.00170 0.00079
20  -0.00002 0.00008 -0.00001
21  -0.00013 -0.00016 -0.00010
22  0.00015 -0.00002 0.00007
23  -0.00015 -0.00006 -0.00002
24  0.00010 -0.00089 -0.00043
25  0.00280 0.00190 -0.00103
26  -0.00303 -0.00015 0.00195
27  -0.00001 0.00154 0.00051
28  0.01643 -0.12839 -0.05362
29  0.04111 -0.07829 0.65902
30  -0.03504 0.27408 0.11402
31  -0.08228 0.39985 -0.52509
