1  0.00003 -0.00002 0.00005
2  -0.00009 0.00000 -0.00003
3  -0.00022 -0.00009 0.00015
4  -0.00011 -0.00000 -0.00003
5  -0.00017 0.00049 -0.00122
6  0.00122 -0.00498 0.01234
7  0.00106 0.00008 0.00012
8  0.00116 0.00039 -0.00056
9  0.00049 -0.00083 0.00215
10  -0.00005 -0.00002 0.00002
11  -0.00588 0.00828 -0.02170
12  0.00002 0.00002 -0.00005
13  -0.00000 -0.00001 0.00003
14  0.00004 0.00001 -0.00001
15  -0.00002 -0.00000 -0.00000
16  0.00000 -0.00000 0.00000
17  -0.00004 -0.00000 -0.00000
18  -0.00000 -0.00001 0.00001
19  0.00008 0.00003 -0.00004
20  0.01566 0.03153 -0.07071
21  0.01875 -0.30545 0.73897
22  -0.08713 -0.20991 -0.02185
23  -0.13138 0.13897 0.12314
24  0.02621 -0.01155 0.03565
25  -0.09158 0.10357 0.03422
26  -0.06346 -0.11373 -0.05635
27  -0.16547 0.14485 -0.39816
28  -0.00003 -0.00001 0.00002
29  -0.00002 0.00010 -0.00002
30  0.00026 -0.00000 0.00008
31  0.00003 -0.00009 -0.00012
