1  0.01872 0.01765 -0.03655
2  -0.01333 0.03296 -0.08310
3  0.05448 0.01175 -0.01138
4  0.06984 -0.01426 0.05570
5  -0.08570 0.02669 -0.09031
6  0.06794 0.05320 -0.10660
7  -0.11330 -0.08873 0.17781
8  0.20098 -0.03583 0.14809
9  0.01719 0.05469 -0.12600
10  -0.03285 0.02286 -0.06487
11  -0.54239 -0.04179 -0.06595
12  -0.00023 -0.00321 0.00763
13  0.00051 -0.00778 0.01878
14  0.00114 -0.00315 0.00790
15  -0.00440 0.00103 -0.00382
16  0.00886 0.00728 -0.01473
17  -0.01432 -0.01207 0.02454
18  0.05609 -0.04876 0.13383
19  -0.04529 -0.03079 0.05988
20  -0.09184 0.02220 -0.08185
21  -0.38994 -0.01203 -0.09016
22  -0.09669 0.01371 0.04440
23  -0.08622 -0.06086 0.01344
24  0.04543 0.04543 -0.09495
25  0.08179 0.04168 0.02557
26  0.09100 -0.02866 -0.00392
27  0.31450 0.11607 -0.18195
28  -0.06640 0.02600 -0.08219
29  0.09738 -0.01727 0.03436
30  -0.05100 0.08682 -0.22507
31  0.09418 0.00751 0.04653
