1  0.00268 -0.00038 0.00180
2  0.00240 0.00022 0.00037
3  0.00037 -0.00120 0.00332
4  0.00687 0.00307 -0.00541
5  -0.00698 -0.00238 0.00465
6  0.02277 0.00477 0.00208
7  0.00076 -0.00529 -0.01041
8  0.00817 -0.01010 -0.00140
9  -0.00387 -0.00005 0.00008
10  0.00088 -0.00033 0.00124
11  0.00379 0.00283 -0.00010
12  0.00015 0.00008 -0.00018
13  0.00005 -0.00013 0.00030
14  0.00023 -0.00000 0.00012
15  0.00033 0.00004 -0.00002
16  -0.00060 0.00014 -0.00053
17  -0.00268 -0.00008 -0.00079
18  -0.00151 -0.00023 -0.00047
19  -0.00165 0.00007 -0.00089
20  0.00324 -0.03564 -0.02398
21  -0.00329 0.51014 0.20434
22  0.07823 -0.07021 0.41984
23  -0.16363 0.08773 -0.28489
24  0.00483 -0.03289 -0.00912
25  -0.00225 -0.09658 0.27645
26  -0.03738 0.16236 -0.28123
27  -0.03744 0.40789 0.16764
28  0.00282 0.00009 -0.00159
29  -0.02804 0.01034 0.01900
30  0.00179 0.01550 -0.00553
31  -0.01008 -0.02573 0.01124
