1  -0.00001 0.00001 -0.00003
2  0.00006 0.00000 0.00001
3  -0.00003 -0.00002 0.00004
4  0.00015 -0.00002 0.00010
5  0.00058 -0.00091 0.00235
6  -0.00270 0.00952 -0.02369
7  -0.00126 -0.00006 -0.00025
8  0.00043 0.00014 -0.00021
9  0.00012 -0.00058 0.00143
10  0.00003 0.00001 -0.00002
11  -0.00352 0.00541 -0.01409
12  -0.00003 -0.00000 0.00000
13  0.00001 -0.00000 0.00000
14  -0.00001 0.00001 -0.00002
15  0.00001 -0.00000 0.00001
16  0.00001 -0.00000 0.00001
17  0.00000 -0.00000 0.00001
18  0.00002 -0.00001 0.00003
19  -0.00005 -0.00002 0.00003
20  0.00882 0.01820 -0.04092
21  0.01165 -0.17722 0.42897
22  -0.04831 -0.11651 -0.01099
23  -0.07285 0.07642 0.06920
24  -0.04525 0.02018 -0.06207
25  0.15471 -0.17429 -0.05558
26  0.10736 0.18989 0.09610
27  0.28727 -0.25287 0.69461
28  0.00006 0.00005 -0.00011
29  -0.00022 -0.00124 0.00007
30  0.00026 0.00002 0.00003
31  -0.00049 0.00076 0.00092
