1  0.01243 -0.09745 -0.04065
2  -0.00610 0.04792 0.02000
3  0.00778 -0.05988 -0.02496
4  -0.00974 0.07580 0.03163
5  0.00356 -0.02796 -0.01164
6  0.01883 -0.14678 -0.06121
7  -0.00488 0.03808 0.01588
8  0.00508 -0.03965 -0.01653
9  -0.00372 0.02970 0.01245
10  -0.11136 0.86706 0.36165
11  -0.01353 0.10656 0.04448
12  -0.01285 0.10010 0.04177
13  0.00568 -0.04434 -0.01852
14  0.00304 -0.02342 -0.00978
15  0.00080 -0.00590 -0.00246
16  0.01121 -0.08775 -0.03656
17  -0.00654 0.05062 0.02106
18  -0.00151 0.01123 0.00470
19  0.00160 -0.01193 -0.00500
20  0.00067 -0.00597 -0.00249
21  -0.00162 0.01179 0.00491
22  -0.03968 0.01234 -0.00986
23  0.03661 0.01004 0.01916
24  -0.00069 0.00574 0.00238
25  -0.02728 -0.02402 0.01893
26  0.03011 0.00284 -0.02786
27  0.00126 -0.00980 -0.00409
28  0.00006 -0.00065 -0.00030
29  -0.00574 -0.00014 -0.00837
30  0.00085 -0.00675 -0.00293
31  0.00642 -0.00472 0.00636
