1  -0.01845 0.14428 0.06023
2  -0.02685 0.20906 0.08731
3  0.02092 -0.16412 -0.06846
4  0.01475 -0.11576 -0.04835
5  0.01946 -0.15348 -0.06425
6  0.03934 -0.30732 -0.12845
7  -0.02168 0.16643 0.06946
8  -0.03616 0.27878 0.11614
9  0.00086 -0.00845 -0.00343
10  0.01444 -0.11233 -0.04693
11  0.01478 -0.11693 -0.04865
12  -0.01077 0.08405 0.03522
13  0.00568 -0.04402 -0.01822
14  0.00427 -0.03192 -0.01333
15  -0.00326 0.02714 0.01125
16  0.00381 -0.02894 -0.01204
17  0.01663 -0.12890 -0.05382
18  -0.01395 0.10878 0.04539
19  0.01431 -0.11202 -0.04667
20  0.00736 -0.05871 -0.02566
21  0.03580 -0.27416 -0.11545
22  0.29785 -0.19355 0.09478
23  -0.25725 -0.12860 -0.23205
24  0.00290 -0.02035 -0.00737
25  -0.09113 -0.13779 0.08995
26  0.11064 -0.01222 -0.14924
27  0.01856 -0.13579 -0.05587
28  -0.00040 0.00598 0.00243
29  -0.11794 0.03899 -0.03405
30  0.01839 -0.14040 -0.05910
31  0.11040 0.02806 0.06221
