1  -0.02991 0.23342 0.09742
2  0.00146 -0.01193 -0.00493
3  -0.01322 0.10220 0.04263
4  0.02093 -0.16513 -0.06882
5  0.00486 -0.04013 -0.01675
6  -0.00076 0.00362 0.00151
7  -0.02808 0.21792 0.09073
8  0.02696 -0.20830 -0.08706
9  -0.00705 0.05573 0.02284
10  -0.06551 0.50849 0.21189
11  -0.01569 0.12393 0.05124
12  0.01868 -0.14669 -0.06133
13  -0.00479 0.03771 0.01557
14  0.00433 -0.03220 -0.01345
15  -0.00034 0.00406 0.00188
16  -0.00010 -0.00022 -0.00011
17  0.00719 -0.05544 -0.02318
18  0.00276 -0.02260 -0.00938
19  0.00269 -0.02157 -0.00882
20  0.00267 -0.01848 -0.00742
21  -0.01515 0.11698 0.04904
22  -0.25482 0.09836 -0.05996
23  0.23274 0.07968 0.13496
24  -0.00240 0.01870 0.00795
25  -0.20152 -0.20941 0.14834
26  0.22776 0.00452 -0.23305
27  0.01996 -0.15325 -0.06389
28  -0.00052 0.00454 0.00192
29  0.00575 0.00680 0.03157
30  -0.00043 0.00410 0.00149
31  -0.00959 0.02545 -0.01787
