1  -0.03307 -0.03843 0.08164
2  0.16577 0.00351 0.04249
3  0.11855 0.06548 -0.12046
4  -0.08829 0.02215 -0.07988
5  -0.13167 0.01677 -0.08063
6  -0.01212 0.03630 -0.09111
7  -0.17299 -0.03721 0.03580
8  0.07641 0.01385 -0.00975
9  0.09392 0.03608 -0.05782
10  0.14004 -0.03795 0.13338
11  -0.01130 0.01850 -0.04823
12  0.09534 0.02632 -0.03378
13  -0.05520 0.00156 -0.02069
14  -0.12485 -0.02402 0.01926
15  -0.09758 0.03790 -0.12079
16  0.01727 0.00743 -0.01255
17  -0.03690 -0.05512 0.12086
18  -0.08436 -0.01653 0.01346
19  0.22009 0.05124 -0.05515
20  0.08670 -0.01878 0.07186
21  -0.06833 -0.03771 0.07070
22  0.13414 -0.04343 0.15372
23  0.13448 -0.04986 0.15171
24  -0.18115 -0.09400 0.16971
25  -0.19261 -0.13086 0.26784
26  -0.19154 -0.14048 0.26460
27  -0.02653 -0.05482 0.12440
28  0.12215 0.01932 -0.00866
29  0.22415 -0.00399 0.06841
30  0.13875 0.10200 -0.20141
31  0.22293 0.00301 0.07121
