1  0.02767 -0.02017 0.05683
2  -0.02673 0.05032 -0.12888
3  -0.22430 0.01124 -0.09594
4  -0.18641 -0.00795 -0.03826
5  0.06210 -0.01641 0.05844
6  0.10582 -0.00865 0.05329
7  -0.06748 0.07501 -0.20070
8  0.05490 -0.03838 0.10898
9  0.14257 -0.00924 0.06602
10  0.13636 -0.00070 0.04383
11  0.06401 -0.02785 0.08639
12  -0.18297 -0.02413 0.00154
13  0.01609 -0.00495 0.01681
14  0.00517 0.00311 -0.00587
15  0.01463 0.00643 -0.01090
16  0.10173 0.00888 0.01003
17  -0.13804 -0.02099 0.00790
18  0.27701 0.01190 0.05663
19  0.12789 -0.00370 0.04821
20  -0.02396 0.00435 -0.01790
21  -0.09506 -0.00417 -0.01869
22  -0.03515 0.00694 0.02930
23  -0.02993 -0.03267 0.01269
24  0.03138 -0.01940 0.05618
25  -0.06364 -0.05289 -0.13565
26  -0.08533 0.11733 -0.06472
27  -0.22195 -0.08271 0.13029
28  -0.11677 0.00548 -0.04904
29  0.37560 -0.12654 0.18476
30  -0.10320 0.04033 -0.12853
31  0.35455 0.03761 0.25283
