1  0.03290 -0.01846 0.05436
2  0.06239 0.01467 -0.01599
3  -0.07681 -0.01224 0.00571
4  0.10555 0.01417 -0.00154
5  0.06575 -0.00044 0.02125
6  -0.15807 -0.04425 0.05752
7  -0.10628 -0.01743 0.00905
8  0.04806 0.01598 -0.02348
9  0.01596 -0.00427 0.01514
10  0.04754 -0.01217 0.04384
11  -0.04858 -0.01796 0.02812
12  -0.02121 -0.00276 0.00010
13  0.00438 -0.00358 0.00994
14  -0.00724 -0.01174 0.02591
15  0.00580 0.00161 -0.00207
16  -0.00505 0.00700 -0.01833
17  -0.01620 0.01030 -0.02968
18  -0.08936 0.00688 -0.04395
19  -0.01900 0.00441 -0.01640
20  -0.02795 -0.01166 0.01951
21  -0.04738 -0.01201 0.01276
22  0.14013 -0.07383 -0.16948
23  0.10544 0.19875 -0.05509
24  0.03142 -0.00165 0.01333
25  -0.12184 -0.08846 -0.19128
26  -0.15475 0.16894 -0.08609
27  0.14908 0.03426 -0.03263
28  0.01550 0.03211 -0.07248
29  0.03436 0.05648 0.45432
30  -0.03776 -0.18206 0.42767
31  0.08746 -0.34917 0.28546
