1  -0.05251 0.40959 0.17090
2  0.06686 -0.52160 -0.21754
3  0.00832 -0.06454 -0.02692
4  -0.00700 0.05447 0.02274
5  -0.00016 0.00120 0.00057
6  0.00605 -0.04723 -0.01963
7  0.00051 -0.00389 -0.00161
8  -0.00120 0.00936 0.00390
9  0.00184 -0.01395 -0.00580
10  0.01322 -0.10269 -0.04291
11  0.00067 -0.00471 -0.00195
12  -0.06880 0.53627 0.22381
13  0.01804 -0.14052 -0.05864
14  0.01950 -0.15234 -0.06361
15  -0.00637 0.04936 0.02057
16  0.00951 -0.07344 -0.03067
17  0.00925 -0.07226 -0.03010
18  0.01278 -0.09987 -0.04166
19  -0.01841 0.14357 0.05977
20  -0.00036 0.00243 0.00099
21  0.00073 -0.00637 -0.00267
22  0.01639 -0.00521 0.00324
23  -0.01518 -0.00482 -0.00740
24  0.00024 -0.00180 -0.00075
25  0.00881 0.00780 -0.00597
26  -0.00969 -0.00077 0.00891
27  -0.00093 0.00739 0.00308
28  0.00058 -0.00448 -0.00193
29  0.02230 -0.00548 0.04650
30  -0.00216 0.01696 0.00700
31  -0.02466 0.02403 -0.03876
