1  0.00109 0.00047 -0.00079
2  -0.00001 -0.00004 0.00009
3  0.00017 -0.00010 0.00029
4  -0.00143 -0.00010 -0.00019
5  -0.00018 0.00094 -0.00231
6  0.00599 -0.01008 0.02601
7  -0.00009 0.00012 -0.00031
8  -0.00006 -0.00008 0.00017
9  0.00007 0.00001 -0.00001
10  -0.00013 -0.00010 0.00019
11  0.00002 0.00019 -0.00046
12  -0.00003 0.00003 -0.00009
13  0.00001 -0.00003 0.00008
14  0.00028 0.00015 -0.00027
15  -0.00013 -0.00003 0.00002
16  0.00004 -0.00003 0.00009
17  -0.00021 0.00007 -0.00025
18  0.00064 -0.00077 0.00203
19  0.00004 0.00004 -0.00009
20  -0.00014 0.00002 -0.00010
21  -0.00007 -0.00073 0.00173
22  0.00078 0.00164 0.00013
23  0.00113 -0.00104 -0.00099
24  0.00002 0.00008 -0.00019
25  -0.00067 0.00073 0.00008
26  -0.00050 -0.00070 -0.00052
27  0.00123 -0.00100 0.00277
28  -0.01583 -0.02036 0.04389
29  0.18186 0.64325 -0.03572
30  -0.31429 -0.02416 -0.03848
31  0.31181 -0.37316 -0.45948
