1  -0.02384 0.18710 0.07841
2  -0.00732 0.05743 0.02440
3  0.00918 -0.07028 -0.02880
4  0.00156 -0.01177 -0.00438
5  0.00528 -0.04264 -0.01748
6  0.00089 -0.01000 -0.00382
7  0.00618 -0.04918 -0.02059
8  0.00571 -0.04292 -0.01806
9  0.01285 -0.09743 -0.04047
10  0.03450 -0.27096 -0.11358
11  0.01575 -0.11753 -0.04890
12  -0.00179 0.01135 0.00481
13  -0.00613 0.04078 0.01718
14  -0.00359 0.02875 0.01158
15  0.01896 -0.14640 -0.06189
16  0.01625 -0.12778 -0.05370
17  -0.04269 0.33529 0.13989
18  -0.00821 0.06515 0.02765
19  0.00925 -0.07160 -0.02934
20  -0.01157 0.09397 0.03833
21  -0.00739 0.06561 0.02649
22  -0.14121 0.14995 0.09471
23  0.09709 0.19965 0.04873
24  0.00025 -0.00743 -0.00388
25  0.16068 0.09619 0.19707
26  -0.19593 0.16982 -0.08887
27  0.02823 -0.23221 -0.09731
28  0.01502 -0.11472 -0.04740
29  -0.22059 -0.05008 -0.11995
30  0.04631 -0.35896 -0.14952
31  0.23690 -0.07100 0.07055
