1  0.06177 -0.00884 0.04101
2  0.03776 -0.01230 0.04406
3  -0.01444 0.00875 -0.02704
4  -0.00735 0.00903 -0.02486
5  -0.01937 0.00835 -0.02632
6  -0.04158 0.00467 -0.02396
7  -0.00926 0.01790 -0.04516
8  -0.02731 0.00964 -0.03139
9  -0.03474 0.01653 -0.05297
10  0.01965 0.01196 -0.02449
11  -0.03379 0.01689 -0.05444
12  0.02636 -0.00976 0.03259
13  0.00279 -0.01501 0.03602
14  0.08038 0.01703 -0.01641
15  0.10565 0.05254 -0.09305
16  0.03813 0.00566 -0.00230
17  0.08400 0.00001 0.02441
18  0.00571 0.00033 0.00122
19  0.03901 -0.00439 0.02363
20  -0.12843 -0.11149 0.22900
21  -0.40784 -0.14371 0.22598
22  -0.03914 -0.15522 0.36661
23  -0.03984 -0.16240 0.36741
24  -0.10266 0.04953 -0.14998
25  -0.09215 0.07682 -0.22089
26  -0.09015 0.08026 -0.21704
27  -0.22284 0.02067 -0.11267
28  -0.09300 -0.01902 0.01696
29  -0.12628 -0.01139 -0.00939
30  -0.09804 -0.05098 0.09057
31  -0.12524 -0.01234 -0.00987
