1  0.00006 -0.00051 -0.00021
2  0.00002 -0.00014 -0.00006
3  0.00001 -0.00009 -0.00004
4  -0.00002 0.00012 0.00005
5  -0.00001 0.00011 0.00004
6  -0.00008 0.00072 0.00032
7  0.00001 -0.00004 -0.00002
8  -0.00000 0.00001 0.00001
9  0.00000 -0.00001 -0.00000
10  0.00000 -0.00000 -0.00000
11  0.00001 -0.00006 -0.00002
12  -0.00000 0.00002 0.00001
13  0.00000 -0.00000 -0.00000
14  0.00001 -0.00004 -0.00002
15  -0.00000 0.00000 0.00000
16  -0.00000 0.00001 0.00000
17  -0.00002 0.00014 0.00006
18  -0.00008 0.00065 0.00027
19  -0.00001 0.00006 0.00002
20  0.00000 -0.00001 -0.00001
21  0.00000 -0.00001 0.00002
22  0.00009 0.00013 0.00001
23  -0.00012 0.00009 0.00009
24  0.00001 -0.00008 -0.00003
25  -0.00048 0.00049 0.00008
26  0.00034 0.00048 0.00033
27  -0.00000 -0.00006 -0.00006
28  0.01108 -0.08663 -0.03615
29  0.21199 0.66911 -0.04930
30  0.00262 -0.01874 -0.00780
31  -0.34581 0.37515 0.48502
