1  -0.17412 0.01824 -0.09550
2  0.01126 0.07493 -0.17620
3  0.05846 -0.01439 0.05242
4  -0.06336 -0.05305 0.10708
5  -0.03935 -0.06034 0.13312
6  -0.12004 -0.07432 0.14323
7  0.03964 0.01244 -0.01850
8  -0.03149 -0.00629 0.00644
9  0.05002 -0.03528 0.09946
10  0.41000 -0.10593 0.38550
11  0.10887 -0.02545 0.09355
12  0.21824 0.05607 -0.06897
13  -0.18062 -0.00792 -0.03619
14  0.02090 -0.08575 0.21158
15  0.15845 0.08605 -0.15751
16  0.18033 -0.02547 0.11650
17  -0.17132 -0.04555 0.05628
18  -0.09981 -0.02288 0.02368
19  -0.03516 0.06027 -0.15482
20  -0.09203 -0.00218 -0.02295
21  -0.05937 0.00193 -0.02371
22  -0.10144 0.00256 -0.04145
23  -0.10246 0.00537 -0.04074
24  0.12809 0.04976 -0.08011
25  0.12721 0.05024 -0.08544
26  0.12619 0.05327 -0.08399
27  0.12212 0.04900 -0.08027
28  0.00245 -0.01396 0.03424
29  0.02678 -0.01963 0.05025
30  0.00551 0.01812 -0.04135
31  0.02609 -0.01600 0.05152
