 0.0422359	 3.0347347	 3.1839348	 3.3454372	 3.8327362	 3.9163351	 4.0436354
 0.0340182	 3.0266175	 3.1758176	 3.3374180	 3.8245184	 3.9083186	 4.0356189
 0.0267190	 3.0195181	 3.1687182	 3.3302178	 3.8172203	 3.9011184	 4.0284188
 0.0203205	 3.0132213	 3.1624215	 3.3239211	 3.8108201	 3.8949197	 4.0222201
 0.0148315	 3.0078308	 3.1571316	 3.3186312	 3.8052309	 3.8895318	 4.0168322
 0.0102299	 3.0033300	 3.1526308	 3.3141304	 3.8005288	 3.8850311	 4.0123287
 0.0065012	 2.9997000	 3.1490008	 3.3105004	 3.7967001	 3.8814011	 4.0087014
 0.0036272	 2.9969272	 3.1462279	 3.3077276	 3.7936280	 3.8785275	 4.0059259
 0.0016033	 2.9949026	 3.1443041	 3.3058038	 3.7914021	 3.8766037	 4.0040020
 0.0003990	 2.9937978	 3.1431993	 3.3046990	 3.7899980	 3.8754989	 4.0029000
 0.0000000	 2.9934006	 3.1429000	 3.3042990	 3.7893993	 3.8751996	 4.0025000
 0.0003877	 2.9937870	 3.1433871	 3.3046881	 3.7894864	 3.8755887	 4.0029870
 0.0015393	 2.9949380	 3.1445381	 3.3059398	 3.7903381	 3.8768404	 4.0041381
 0.0034321	 2.9968319	 3.1465327	 3.3079317	 3.7919327	 3.8787316	 4.0061327
 0.0060434	 2.9994442	 3.1492430	 3.3105440	 3.7941423	 3.8814446	 4.0087422
 0.0093554	 3.0027558	 3.1525546	 3.3138556	 3.7970566	 3.8847562	 4.0120566
 0.0133309	 3.0066307	 3.1566309	 3.3178312	 3.8005315	 3.8887318	 4.0160322
 0.0179487	 3.0112485	 3.1612486	 3.3224490	 3.8047493	 3.8934475	 4.0206500
 0.0231828	 3.0163833	 3.1664841	 3.3276817	 3.8094841	 3.8986830	 4.0258827
 0.0290164	 3.0221168	 3.1723155	 3.3334152	 3.8147168	 3.9045171	 4.0317168
 0.0354019	 3.0284026	 3.1788027	 3.3398017	 3.8205019	 3.9109009	 4.0380027
