 0.0455259	 3.0420246	 3.1907267	 3.3526264	 3.8311253	 3.9230263	 4.0502260
 0.0367346	 3.0329333	 3.1817334	 3.3435351	 3.8228340	 3.9140357	 4.0411347
 0.0289130	 3.0248134	 3.1736135	 3.3354125	 3.8154134	 3.9059131	 4.0331128
 0.0220485	 3.0176486	 3.1665494	 3.3282477	 3.8089480	 3.8988490	 4.0260487
 0.0161388	 3.0114390	 3.1604377	 3.3220381	 3.8034377	 3.8926394	 4.0199397
 0.0111525	 3.0060511	 3.1551533	 3.3168516	 3.7988526	 3.8874529	 4.0147532
 0.0071057	 3.0017055	 3.1509056	 3.3125059	 3.7952062	 3.8832052	 4.0105055
 0.0039765	 2.9982768	 3.1475776	 3.3090773	 3.7923762	 3.8797765	 4.0071776
 0.0017571	 2.9957571	 3.1450579	 3.3065575	 3.7904578	 3.8773574	 4.0046578
 0.0004348	 2.9941353	 3.1435340	 3.3050337	 3.7895354	 3.8758336	 4.0031340
 0.0000000	 2.9934006	 3.1429000	 3.3042990	 3.7893993	 3.8751996	 4.0025000
 0.0004386	 2.9935393	 3.1430388	 3.3044377	 3.7901395	 3.8753384	 4.0027394
 0.0017395	 2.9945407	 3.1441408	 3.3054391	 3.7916388	 3.8764404	 4.0038388
 0.0038889	 2.9963884	 3.1460892	 3.3073902	 3.7940878	 3.8783888	 4.0056891
 0.0068717	 2.9990714	 3.1488729	 3.3100705	 3.7973723	 3.8810718	 4.0084729
 0.0106749	 3.0025735	 3.1523750	 3.3136760	 3.8013751	 3.8846746	 4.0120756
 0.0152909	 3.0068920	 3.1567914	 3.3179917	 3.8061915	 3.8890910	 4.0164921
 0.0206843	 3.0119832	 3.1619833	 3.3230830	 3.8117834	 3.8941850	 4.0216840
 0.0268710	 3.0178718	 3.1678719	 3.3290722	 3.8181699	 3.9001715	 4.0276705
 0.0337975	 3.0244977	 3.1745986	 3.3356982	 3.8252966	 3.9068981	 4.0342965
 0.0414848	 3.0319836	 3.1820844	 3.3431841	 3.8330845	 3.9143840	 4.0417851
