 0.0747824	 3.0592821	 3.2139816	 3.3721832	 3.8685818	 3.9534813	 4.0738836
 0.0606335	 3.0462342	 3.2003324	 3.3588333	 3.8542332	 3.9391328	 4.0602344
 0.0479433	 3.0345442	 3.1881444	 3.3470426	 3.8413432	 3.9261420	 4.0480437
 0.0367354	 3.0243345	 3.1774367	 3.3366343	 3.8298355	 3.9146343	 4.0372353
 0.0270200	 3.0156187	 3.1681195	 3.3276191	 3.8197210	 3.9046205	 4.0280188
 0.0187765	 3.0082770	 3.1602772	 3.3201768	 3.8110759	 3.8959755	 4.0200758
 0.0120259	 3.0024266	 3.1538254	 3.3140270	 3.8038268	 3.8888271	 4.0136267
 0.0067712	 2.9979721	 3.1488702	 3.3093712	 3.7980716	 3.8832705	 4.0086715
 0.0030121	 2.9950115	 3.1454116	 3.3063126	 3.7937123	 3.8791126	 4.0052129
 0.0007525	 2.9935529	 3.1434524	 3.3045520	 3.7908524	 3.8763533	 4.0031530
 0.0000000	 2.9934006	 3.1429000	 3.3042990	 3.7893993	 3.8751996	 4.0025000
 0.0007528	 2.9947530	 3.1437517	 3.3055534	 3.7893531	 3.8753520	 4.0033517
 0.0030206	 2.9976210	 3.1462198	 3.3082201	 3.7909204	 3.8772214	 4.0058197
 0.0068029	 3.0019041	 3.1501028	 3.3124025	 3.7938021	 3.8804024	 4.0095042
 0.0121001	 3.0077002	 3.1554009	 3.3181006	 3.7981995	 3.8850991	 4.0147995
 0.0189226	 3.0149221	 3.1623235	 3.3252218	 3.8040227	 3.8913223	 4.0216214
 0.0272771	 3.0236760	 3.1706774	 3.3337771	 3.8113780	 3.8990776	 4.0298773
 0.0371526	 3.0338530	 3.1804517	 3.3439514	 3.8201536	 3.9082533	 4.0396517
 0.0485598	 3.0454587	 3.1918587	 3.3555598	 3.8304586	 3.9190589	 4.0508601
 0.0615236	 3.0586236	 3.2047243	 3.3686240	 3.8422248	 3.9313231	 4.0636222
 0.0759921	 3.0732932	 3.2189912	 3.3831930	 3.8554931	 3.9450921	 4.0777912
