 0.0362514	 3.0565501	 3.1890505	 3.3515516	 3.8213509	 3.9223515	 4.0479512
 0.0293510	 3.0469499	 3.1812517	 3.3435514	 3.8149508	 3.9142507	 4.0401496
 0.0231817	 3.0380817	 3.1740815	 3.3363812	 3.8091820	 3.9069825	 4.0330828
 0.0177383	 3.0299373	 3.1677386	 3.3298396	 3.8042377	 3.9004382	 4.0267371
 0.0130290	 3.0226283	 3.1621303	 3.3240300	 3.7999301	 3.8946285	 4.0212296
 0.0090434	 3.0159425	 3.1570445	 3.3189441	 3.7964443	 3.8895427	 4.0162444
 0.0057822	 3.0099832	 3.1527832	 3.3145822	 3.7935817	 3.8851834	 4.0120811
 0.0032516	 3.0047504	 3.1492511	 3.3109522	 3.7914511	 3.8815507	 4.0086525
 0.0014419	 3.0002415	 3.1464429	 3.3080405	 3.7900415	 3.8787425	 4.0059422
 0.0003596	 2.9964591	 3.1443585	 3.3058609	 3.7893585	 3.8765602	 4.0038605
 0.0000000	 2.9934006	 3.1429000	 3.3042990	 3.7893993	 3.8751996	 4.0025000
 0.0003634	 2.9910631	 3.1421626	 3.3035643	 3.7901640	 3.8744622	 4.0019639
 0.0014482	 2.9894495	 3.1421490	 3.3035479	 3.7915490	 3.8745492	 4.0020482
 0.0032561	 2.9885569	 3.1428565	 3.3041575	 3.7936552	 3.8753574	 4.0027557
 0.0057804	 2.9883801	 3.1442796	 3.3054799	 3.7965804	 3.8767806	 4.0042796
 0.0090279	 2.9889270	 3.1463286	 3.3076269	 3.8001288	 3.8790282	 4.0065272
 0.0129971	 2.9901978	 3.1491967	 3.3103970	 3.8043982	 3.8820977	 4.0094960
 0.0176754	 2.9921760	 3.1526743	 3.3138747	 3.8093752	 3.8856760	 4.0130743
 0.0230798	 2.9948809	 3.1568785	 3.3180788	 3.8150787	 3.8901795	 4.0174798
 0.0291976	 2.9982986	 3.1617983	 3.3230966	 3.8214979	 3.8952979	 4.0225983
 0.0360308	 3.0024320	 3.1674311	 3.3286314	 3.8286300	 3.9012300	 4.0283317
