 0.1301197	 3.1249187	 3.2745188	 3.4356185	 3.9192195	 4.0072184	 4.1340208
 0.1055819	 3.1002815	 3.2498816	 3.4110819	 3.8946829	 3.9825812	 4.1093809
 0.0835697	 3.0781695	 3.2276689	 3.3888693	 3.8727696	 3.9603685	 4.0871709
 0.0640913	 3.0584902	 3.2080903	 3.3692907	 3.8532917	 3.9406920	 4.0675923
 0.0471756	 3.0414749	 3.1909744	 3.3522754	 3.8363744	 3.9235760	 4.0505743
 0.0328220	 3.0269223	 3.1764217	 3.3378207	 3.8220231	 3.9089227	 4.0360217
 0.0210540	 3.0150527	 3.1645548	 3.3259538	 3.8103548	 3.8970531	 4.0241548
 0.0118682	 3.0057681	 3.1552676	 3.3165686	 3.8011682	 3.8876678	 4.0148675
 0.0052842	 2.9989843	 3.1484838	 3.3098855	 3.7945831	 3.8807834	 4.0080837
 0.0013247	 2.9949244	 3.1443259	 3.3058255	 3.7907245	 3.8767234	 4.0040238
 0.0000000	 2.9934006	 3.1429000	 3.3042990	 3.7893993	 3.8751996	 4.0025000
 0.0013310	 2.9946305	 3.1440320	 3.3055316	 3.7907300	 3.8763316	 4.0037299
 0.0053304	 2.9984292	 3.1478307	 3.3093304	 3.7947300	 3.8800296	 4.0075313
 0.0120209	 3.0049219	 3.1544213	 3.3159210	 3.8014213	 3.8865195	 4.0140213
 0.0214189	 3.0142200	 3.1636188	 3.3252191	 3.8108201	 3.8957197	 4.0233194
 0.0335401	 3.0261413	 3.1755401	 3.3371404	 3.8229401	 3.9076410	 4.0352407
 0.0484263	 3.0408273	 3.1903267	 3.3519271	 3.8378274	 3.9223270	 4.0500274
 0.0660918	 3.0583923	 3.2076931	 3.3693914	 3.8554931	 3.9396906	 4.0673910
 0.0865479	 3.0786484	 3.2279492	 3.3896475	 3.8759479	 3.9598488	 4.0876471
 0.1098292	 3.1017291	 3.2510299	 3.4128289	 3.8992300	 3.9829295	 4.1107279
 0.1359389	 3.1276398	 3.2769379	 3.4387396	 3.9253393	 4.0088402	 4.1367392
