 0.0683446	 3.0233440	 3.1653440	 3.3908448	 3.8267442	 3.9115459	 3.9870439
 0.0553818	 3.0141819	 3.1575805	 3.3757806	 3.8169808	 3.9017824	 3.9823826
 0.0437705	 3.0063695	 3.1510716	 3.3620715	 3.8085697	 3.8934693	 3.9792696
 0.0335138	 2.9999150	 3.1458143	 3.3497148	 3.8015138	 3.8865141	 3.9773131
 0.0246278	 2.9949271	 3.1418279	 3.3388275	 3.7957287	 3.8808269	 3.9769267
 0.0171072	 2.9912073	 3.1390060	 3.3294069	 3.7913068	 3.8765085	 3.9777076
 0.0109511	 2.9888508	 3.1373516	 3.3214503	 3.7881503	 3.8734499	 3.9799499
 0.0061619	 2.9879610	 3.1370631	 3.3148624	 3.7864632	 3.8719614	 3.9835608
 0.0027389	 2.9884399	 3.1377380	 3.3099399	 3.7860387	 3.8715397	 3.9884398
 0.0006843	 2.9901842	 3.1397843	 3.3063834	 3.7870836	 3.8726852	 3.9947855
 0.0000000	 2.9934006	 3.1429000	 3.3042990	 3.7893993	 3.8751996	 4.0025000
 0.0006867	 2.9979857	 3.1470878	 3.3038881	 3.7930865	 3.8789874	 4.0115858
 0.0027439	 3.0039450	 3.1524430	 3.3049439	 3.7980444	 3.8840433	 4.0219452
 0.0061775	 3.0112785	 3.1588785	 3.3075779	 3.8044772	 3.8905767	 4.0336788
 0.0109802	 3.0199807	 3.1664814	 3.3118801	 3.8121807	 3.8984789	 4.0467811
 0.0171633	 3.0299645	 3.1750639	 3.3178639	 3.8213645	 3.9077635	 4.0612630
 0.0247198	 3.0414205	 3.1845198	 3.3254205	 3.8318192	 3.9183188	 4.0770211
 0.0336525	 3.0543514	 3.1952520	 3.3346533	 3.8436534	 3.9302537	 4.0941534
 0.0439604	 3.0685612	 3.2068604	 3.3455596	 3.8568591	 3.9436607	 4.1126599
 0.0556519	 3.0841506	 3.2194511	 3.3582510	 3.8714526	 3.9582515	 4.1325514
 0.0687161	 3.1011169	 3.2331167	 3.3724173	 3.8873168	 3.9743171	 4.1537164
