 0.0967393	 3.0944392	 3.2458380	 3.4109404	 3.8915400	 3.9811390	 4.1076394
 0.0787635	 3.0760634	 3.2272635	 3.3919632	 3.8730635	 3.9621645	 4.0888635
 0.0625528	 3.0594535	 3.2104523	 3.3747520	 3.8563530	 3.9451519	 4.0717530
 0.0481367	 3.0446369	 3.1953364	 3.3594374	 3.8413377	 3.9297367	 4.0565364
 0.0355446	 3.0316435	 3.1821443	 3.3458453	 3.8282436	 3.9162453	 4.0431456
 0.0248090	 3.0204079	 3.1708080	 3.3341091	 3.8169100	 3.9046097	 4.0315100
 0.0159582	 3.0111587	 3.1613575	 3.3242585	 3.8075575	 3.8948571	 4.0218581
 0.0090203	 3.0037191	 3.1537192	 3.3163210	 3.8000199	 3.8869195	 4.0140213
 0.0040285	 2.9983285	 3.1482280	 3.3103290	 3.7945287	 3.8810283	 4.0082280
 0.0010110	 2.9949108	 3.1445109	 3.3063099	 3.7909123	 3.8771098	 4.0044102
 0.0000000	 2.9934006	 3.1429000	 3.3042990	 3.7893993	 3.8751996	 4.0025000
 0.0010239	 2.9939230	 3.1432238	 3.3043235	 3.7898238	 3.8752241	 4.0026251
 0.0041155	 2.9966142	 3.1457164	 3.3064160	 3.7924143	 3.8774146	 4.0049163
 0.0093040	 3.0013028	 3.1503042	 3.3106039	 3.7970049	 3.8816051	 4.0093028
 0.0166163	 3.0081165	 3.1570173	 3.3169169	 3.8038159	 3.8880162	 4.0157165
 0.0260876	 3.0170881	 3.1657875	 3.3253878	 3.8126868	 3.8965877	 4.0243888
 0.0377411	 3.0282420	 3.1768408	 3.3360411	 3.8238408	 3.9073417	 4.0352407
 0.0516152	 3.0416164	 3.1901145	 3.3489148	 3.8372152	 3.9202154	 4.0482151
 0.0677363	 3.0572358	 3.2056359	 3.3640362	 3.8527366	 3.9354375	 4.0635351
 0.0861345	 3.0751354	 3.2234349	 3.3815358	 3.8706335	 3.9530351	 4.0810348
 0.1068361	 3.0952365	 3.2434352	 3.4011362	 3.8908353	 3.9727361	 4.1009372
