 0.0400567	 3.0387565	 3.1832572	 3.3453555	 3.8298572	 3.9156575	 4.0430558
 0.0326523	 3.0308516	 3.1758530	 3.3378533	 3.8224530	 3.9082533	 4.0355536
 0.0259470	 3.0236460	 3.1691481	 3.3310478	 3.8157481	 3.9014477	 4.0288460
 0.0199839	 3.0172840	 3.1630827	 3.3249851	 3.8096827	 3.8954830	 4.0228840
 0.0147643	 3.0114635	 3.1578635	 3.3196652	 3.8044635	 3.8901631	 4.0175642
 0.0103189	 3.0065192	 3.1534199	 3.3151182	 3.8000199	 3.8857195	 4.0131178
 0.0066393	 3.0023395	 3.1496403	 3.3113386	 3.7962403	 3.8820405	 4.0093382
 0.0037548	 2.9988537	 3.1467558	 3.3083535	 3.7933559	 3.8790554	 4.0064538
 0.0016811	 2.9962822	 3.1446823	 3.3061820	 3.7911817	 3.8769819	 4.0042823
 0.0004237	 2.9944237	 3.1433245	 3.3048241	 3.7898238	 3.8756241	 4.0030224
 0.0000000	 2.9934006	 3.1429000	 3.3042990	 3.7893993	 3.8751996	 4.0025000
 0.0004228	 2.9932237	 3.1432238	 3.3046228	 3.7897231	 3.8755234	 4.0028238
 0.0017040	 2.9939040	 3.1445027	 3.3058038	 3.7909041	 3.8767044	 4.0041027
 0.0038559	 2.9953571	 3.1465572	 3.3077548	 3.7929558	 3.8788568	 4.0061572
 0.0068897	 2.9977898	 3.1495886	 3.3106909	 3.7958892	 3.8817902	 4.0090906
 0.0108201	 3.0010198	 3.1534199	 3.3145196	 3.7997206	 3.8856188	 4.0130199
 0.0156430	 3.0051423	 3.1582418	 3.3192435	 3.8044418	 3.8904434	 4.0177438
 0.0213915	 3.0101927	 3.1638909	 3.3248926	 3.8100909	 3.8960925	 4.0233929
 0.0280593	 3.0161602	 3.1704597	 3.3313580	 3.8166597	 3.9026586	 4.0299590
 0.0356494	 3.0229494	 3.1780490	 3.3388493	 3.8241483	 3.9101499	 4.0374503
 0.0441909	 3.0307917	 3.1864899	 3.3472903	 3.8324913	 3.9185909	 4.0458913
