 0.0831782	 3.0669775	 3.2084795	 3.3695791	 3.8667777	 3.9366783	 4.0628793
 0.0673038	 3.0522044	 3.1945037	 3.3555027	 3.8515039	 3.9231025	 4.0493036
 0.0531289	 3.0390286	 3.1820300	 3.3432276	 3.8379281	 3.9110288	 4.0374285
 0.0406391	 3.0275400	 3.1713386	 3.3325390	 3.8260395	 3.9007402	 4.0272378
 0.0298351	 3.0177357	 3.1623344	 3.3235347	 3.8158352	 3.8921360	 4.0187343
 0.0206987	 3.0095995	 3.1549982	 3.3161985	 3.8071983	 3.8850991	 4.0118988
 0.0132364	 3.0031368	 3.1492375	 3.3105358	 3.8003356	 3.8798364	 4.0068375
 0.0074357	 2.9982360	 3.1451368	 3.3065357	 3.7951355	 3.8761357	 4.0032347
 0.0033022	 2.9950033	 3.1428020	 3.3041030	 3.7916034	 3.8742009	 4.0013027
 0.0008249	 2.9934251	 3.1420238	 3.3034255	 3.7896252	 3.8738254	 4.0010251
 0.0000000	 2.9934006	 3.1429000	 3.3042990	 3.7893993	 3.8751996	 4.0025000
 0.0008246	 2.9950251	 3.1454252	 3.3068242	 3.7907245	 3.8781248	 4.0055259
 0.0032928	 2.9982932	 3.1494933	 3.3109930	 3.7937940	 3.8826936	 4.0101926
 0.0074017	 3.0032021	 3.1553029	 3.3169006	 3.7984008	 3.8889005	 4.0165029
 0.0131430	 3.0097437	 3.1626419	 3.3243429	 3.8046431	 3.8966422	 4.0244432
 0.0205199	 3.0178201	 3.1716189	 3.3333199	 3.8126188	 3.9061199	 4.0340189
 0.0295310	 3.0275318	 3.1823320	 3.3440303	 3.8221319	 3.9172303	 4.0451321
 0.0401523	 3.0387511	 3.1945527	 3.3563517	 3.8332532	 3.9299516	 4.0579513
 0.0523981	 3.0516983	 3.2083978	 3.3702975	 3.8459990	 3.9441968	 4.0722972
 0.0662645	 3.0661638	 3.2237641	 3.3857645	 3.8603639	 3.9600638	 4.0882648
 0.0817371	 3.0823383	 3.2408365	 3.4029376	 3.8764377	 3.9776369	 4.1059359
